7 2 68
42 2 66
47 2 57
4 3 53
5 3 45
7 3 46
9 3 63
21 3 42
24 3 49
26 3 35
30 3 34
31 3 44
33 3 52
35 3 55
36 3 41
38 3 44
44 3 52
45 3 50
47 3 35
3 4 88
7 4 75
35 4 81
44 4 79
47 4 65
3 5 88
4 5 80
7 5 75
30 5 65
31 5 74
34 5 82
38 5 74
44 5 79
47 5 65
1 7 92
2 7 88
4 7 85
5 7 81
47 7 73
1 8 39
3 8 39
4 8 25
7 8 20
25 8 15
26 8 14
35 8 27
37 8 39
38 8 19
44 8 25
47 8 14
3 9 56
5 9 33
7 9 34
47 9 24
2 10 18
7 10 12
12 10 16
13 10 10
14 10 16
15 10 15
24 10 13
33 10 15
34 10 17
41 10 8
42 10 11
46 10 14
47 10 8
47 11 34
10 12 27
47 12 12
5 13 82
7 13 83
47 13 75
6 14 16
7 14 13
10 14 20
12 14 18
13 14 11
15 14 17
17 14 14
46 14 16
47 14 9
10 15 26
14 15 24
17 15 19
34 15 25
47 15 12
1 16 49
3 16 49
7 16 27
18 16 29
22 16 27
26 16 19
33 16 32
34 16 37
36 16 24
37 16 48
38 16 26
39 16 40
44 16 33
47 16 19
3 17 49
14 17 36
31 17 27
47 17 19
3 18 53
4 18 37
5 18 30
7 18 31
16 18 34
19 18 37
22 18 30
23 18 37
31 18 30
33 18 36
34 18 41
35 18 39
36 18 27
37 18 52
38 18 30
39 18 44
44 18 37
45 18 35
47 18 22
1 19 39
3 19 39
4 19 25
7 19 20
8 19 39
18 19 21
23 19 25
31 19 19
33 19 24
34 19 28
35 19 27
37 19 39
39 19 31
45 19 23
47 19 14
2 20 87
42 20 78
47 20 71
3 21 69
4 21 53
5 21 45
7 21 46
13 21 42
24 21 49
25 21 38
26 21 35
31 21 45
33 21 52
34 21 57
38 21 45
44 21 53
47 21 35
3 22 63
4 22 48
7 22 41
16 22 45
30 22 30
31 22 40
34 22 52
35 22 50
37 22 63
38 22 40
44 22 47
47 22 30
1 23 47
3 23 47
5 23 25
7 23 26
13 23 23
18 23 27
19 23 31
25 23 20
31 23 25
33 23 31
34 23 35
35 23 34
38 23 25
39 23 38
44 23 31
45 23 30
47 23 18
21 24 48
31 24 50
32 24 52
45 24 56
47 24 40
3 25 91
4 25 84
5 25 79
7 25 80
21 25 78
26 25 72
31 25 79
34 25 86
38 25 79
47 25 72
3 26 91
4 26 84
5 26 79
7 26 79
25 26 73
31 26 78
33 26 83
34 26 86
36 26 76
38 26 78
47 26 71
3 27 62
28 27 36
29 27 44
47 27 29
27 28 63
29 28 54
47 28 37
3 29 59
7 29 37
27 29 51
28 29 33
47 29 27
3 30 90
4 30 83
5 30 78
7 30 79
31 30 78
44 30 83
47 30 70
4 31 82
5 31 77
7 31 78
30 31 68
34 31 84
38 31 77
44 31 82
47 31 68
7 32 72
34 32 80
38 32 71
47 32 62
3 33 74
4 33 60
5 33 52
7 33 54
13 33 49
24 33 56
25 33 45
26 33 42
30 33 42
31 33 52
32 33 54
34 33 64
35 33 62
36 33 49
37 33 74
38 33 52
39 33 67
41 33 44
44 33 60
45 33 58
47 33 42
3 34 80
4 34 67
5 34 60
7 34 61
13 34 57
25 34 53
26 34 49
31 34 60
32 34 61
36 34 57
38 34 60
44 34 67
45 34 65
47 34 49
3 35 71
4 35 56
5 35 48
7 35 49
13 35 45
18 35 51
22 35 49
23 35 56
25 35 41
30 35 38
31 35 48
32 35 50
33 35 55
34 35 60
36 35 45
37 35 71
38 35 48
41 35 40
44 35 56
45 35 54
47 35 38
3 36 87
4 36 78
5 36 72
7 36 73
13 36 69
26 36 63
30 36 62
31 36 72
33 36 77
35 36 79
38 36 72
44 36 78
47 36 63
3 37 60
4 37 44
16 37 41
22 37 37
26 37 27
33 37 43
35 37 46
38 37 36
44 37 44
45 37 42
47 37 27
3 38 86
4 38 76
5 38 70
7 38 71
13 38 67
25 38 64
26 38 60
30 38 60
31 38 70
34 38 79
35 38 78
36 38 67
44 38 76
45 38 74
47 38 60
3 39 57
7 39 35
16 39 39
18 39 36
23 39 41
25 39 28
26 39 25
31 39 34
33 39 40
34 39 45
37 39 57
38 39 34
44 39 41
45 39 39
47 39 25
47 40 33
3 41 80
4 41 68
5 41 60
7 41 61
13 41 57
24 41 64
25 41 53
26 41 50
30 41 50
31 41 60
33 41 67
34 41 71
35 41 70
36 41 57
37 41 80
38 41 60
44 41 67
45 41 65
47 41 50
2 42 82
7 42 73
20 42 66
47 42 63
47 43 50
3 44 71
4 44 56
5 44 48
7 44 49
13 44 45
18 44 51
22 44 49
25 44 41
30 44 38
31 44 48
32 44 50
33 44 55
34 44 60
35 44 58
36 44 45
37 44 71
38 44 48
41 44 40
45 44 54
47 44 38
3 45 55
4 45 39
5 45 32
6 45 37
7 45 33
13 45 29
18 45 34
21 45 30
22 45 32
23 45 39
24 45 35
25 45 26
26 45 23
30 45 23
31 45 31
32 45 33
33 45 38
34 45 43
35 45 41
36 45 29
37 45 54
38 45 31
42 45 31
44 45 38
47 45 23
47 46 61
1 47 94
2 47 92
3 47 94
4 47 90
5 47 86
6 47 89
7 47 87
