19 1 61
40 1 67
6 3 52
24 3 49
5 4 68
6 4 76
10 4 73
29 4 76
60 4 56
4 5 71
60 5 57
3 6 78
4 6 61
7 6 63
10 6 64
13 6 58
16 6 63
21 6 57
23 6 63
27 6 62
29 6 67
39 6 61
41 6 68
43 6 59
44 6 58
46 6 66
60 6 45
60 7 56
1 8 79
12 8 71
19 8 68
20 8 75
28 8 88
39 8 83
40 8 74
42 8 78
45 8 82
4 10 68
29 10 74
43 10 67
46 10 73
23 11 76
37 11 71
46 11 79
60 11 61
43 12 85
60 12 76
6 13 78
14 13 75
23 13 75
29 13 78
43 13 72
60 13 59
8 14 50
9 14 55
16 14 69
21 14 64
23 14 70
34 14 57
35 14 64
36 14 58
39 14 68
40 14 56
41 14 74
45 14 67
60 14 53
21 15 77
60 15 68
6 16 75
30 16 57
43 16 68
46 16 74
60 16 55
60 17 43
60 18 69
1 19 80
8 19 70
34 19 76
40 19 75
60 19 73
60 20 70
6 21 79
14 21 77
15 21 69
28 21 82
35 21 71
40 21 64
43 21 73
34 22 81
60 22 78
6 23 76
13 23 68
29 23 76
32 23 73
40 23 59
45 23 70
46 23 75
60 23 56
29 24 79
60 25 54
14 26 77
15 26 69
27 26 75
29 26 79
34 26 64
40 26 63
43 26 73
45 26 73
60 26 60
6 27 74
10 27 71
16 27 70
26 27 66
40 27 56
46 27 73
60 27 53
8 28 34
21 28 48
39 28 53
40 28 40
45 28 51
60 28 37
4 29 61
6 29 67
10 29 64
13 29 58
23 29 63
24 29 64
26 29 59
30 29 48
32 29 63
40 29 49
46 29 66
60 29 46
16 30 82
29 30 85
41 30 85
43 30 80
60 30 70
14 31 80
15 31 73
34 31 69
36 31 70
60 31 66
16 32 67
23 32 67
29 32 71
60 32 50
34 33 55
60 33 52
14 34 81
22 34 69
26 34 77
31 34 74
36 34 71
40 34 69
42 34 73
43 34 77
45 34 78
60 34 66
4 35 74
14 35 76
21 35 71
36 35 65
44 35 71
45 35 73
60 35 60
26 36 76
27 36 79
30 36 67
31 36 73
34 36 68
35 36 74
43 36 77
44 36 75
45 36 77
60 36 65
60 37 60
42 38 69
60 38 61
6 39 72
7 39 69
8 39 49
14 39 70
28 39 76
41 39 73
45 39 66
60 39 52
1 40 75
8 40 64
19 40 63
21 40 76
23 40 80
26 40 77
28 40 86
29 40 83
30 40 68
34 40 70
36 40 71
41 40 84
43 40 78
44 40 77
45 40 78
60 40 67
6 41 66
7 41 62
15 41 53
30 41 46
36 41 49
39 41 60
42 41 52
43 41 58
44 41 56
45 41 58
60 41 44
4 42 73
8 42 56
16 42 74
31 42 67
34 42 63
36 42 64
40 42 62
41 42 79
43 42 72
44 42 70
45 42 72
60 42 59
6 43 77
10 43 75
12 43 57
14 43 75
16 43 74
21 43 69
26 43 71
30 43 60
31 43 67
34 43 62
36 43 63
40 43 61
42 43 66
44 43 70
45 43 72
46 43 77
60 43 58
6 44 79
14 44 77
16 44 76
26 44 73
31 44 69
35 44 71
36 44 66
40 44 64
43 44 73
45 44 74
46 44 79
60 44 61
8 45 54
14 45 74
23 45 73
26 45 69
28 45 80
34 45 60
35 45 67
36 45 62
39 45 72
40 45 60
41 45 77
43 45 70
44 45 69
60 45 57
4 46 59
6 46 65
10 46 62
11 46 54
16 46 61
23 46 61
27 46 60
29 46 65
42 46 52
43 46 57
44 46 56
60 46 43
4 47 76
60 47 63
1 48 58
5 48 61
46 48 68
47 48 57
60 48 48
14 49 61
24 49 61
60 49 42
1 50 35
8 50 24
10 50 44
14 50 44
16 50 43
24 50 44
25 50 41
27 50 42
40 50 29
43 50 39
45 50 40
49 50 38
53 50 34
60 50 27
60 51 65
9 52 39
10 52 55
13 52 49
14 52 55
15 52 45
16 52 54
21 52 48
24 52 55
25 52 52
26 52 50
31 52 45
41 52 60
44 52 49
45 52 51
60 52 37
1 53 45
10 53 53
14 53 53
16 53 52
21 53 46
24 53 53
25 53 50
27 53 52
60 53 35
1 54 23
3 54 46
6 54 33
8 54 15
10 54 30
11 54 24
12 54 16
13 54 25
14 54 30
15 54 22
16 54 29
18 54 23
19 54 15
21 54 25
23 54 30
24 54 30
25 54 28
26 54 26
27 54 29
31 54 23
34 54 19
35 54 24
36 54 20
38 54 22
39 54 28
40 54 19
41 54 34
42 54 22
43 54 26
44 54 25
45 54 27
46 54 32
50 54 20
52 54 15
55 54 35
56 54 31
58 54 27
59 54 29
60 54 17
1 55 23
3 55 46
6 55 33
8 55 15
9 55 18
10 55 30
11 55 24
12 55 16
13 55 25
14 55 30
15 55 23
16 55 29
18 55 23
19 55 15
21 55 25
23 55 30
24 55 30
25 55 28
26 55 26
27 55 29
31 55 23
34 55 19
35 55 24
38 55 22
39 55 28
40 55 19
41 55 34
42 55 22
43 55 26
44 55 25
45 55 27
46 55 33
50 55 21
52 55 15
54 55 29
56 55 31
58 55 27
59 55 29
60 55 17
1 56 23
3 56 46
6 56 33
8 56 15
10 56 30
11 56 23
12 56 16
13 56 25
14 56 30
15 56 22
16 56 29
18 56 22
19 56 15
21 56 24
23 56 29
24 56 30
25 56 27
26 56 25
27 56 28
31 56 22
34 56 19
35 56 24
36 56 20
38 56 21
39 56 28
40 56 18
41 56 34
42 56 22
43 56 26
44 56 25
45 56 26
46 56 32
50 56 20
52 56 15
54 56 29
55 56 34
58 56 26
59 56 29
60 56 17
1 57 24
3 57 47
6 57 34
8 57 16
9 57 19
10 57 31
11 57 24
12 57 17
13 57 26
14 57 31
15 57 23
16 57 30
18 57 23
19 57 15
21 57 25
23 57 30
24 57 31
25 57 28
26 57 27
27 57 30
31 57 23
33 57 27
34 57 20
35 57 25
36 57 21
38 57 22
39 57 29
40 57 19
41 57 35
42 57 23
43 57 27
44 57 26
45 57 27
50 57 21
52 57 15
54 57 30
55 57 35
56 57 32
58 57 28
59 57 30
60 57 17
1 58 23
2 58 19
3 58 46
6 58 33
8 58 15
9 58 18
10 58 30
11 58 24
12 58 16
13 58 25
14 58 30
15 58 22
16 58 29
17 58 36
18 58 23
19 58 15
21 58 25
23 58 29
24 58 30
25 58 28
26 58 26
27 58 29
31 58 22
33 58 27
34 58 19
35 58 24
37 58 24
38 58 22
39 58 28
40 58 19
41 58 34
42 58 22
43 58 26
44 58 25
45 58 27
46 58 32
50 58 20
52 58 15
54 58 29
55 58 35
56 58 31
59 58 29
60 58 17
1 59 24
6 59 34
8 59 16
10 59 31
11 59 24
12 59 17
13 59 26
14 59 31
15 59 23
16 59 30
17 59 37
18 59 23
19 59 15
21 59 25
22 59 19
24 59 31
25 59 28
26 59 26
27 59 29
34 59 19
35 59 25
36 59 20
38 59 22
39 59 29
40 59 19
41 59 35
42 59 23
43 59 27
44 59 26
45 59 27
46 59 33
50 59 21
52 59 15
53 59 23
54 59 30
55 59 35
56 59 31
58 59 27
60 59 17
1 60 76
2 60 70
3 60 90
4 60 80
5 60 78
6 60 84
7 60 81
8 60 65
9 60 69
10 60 82
11 60 76
12 60 67
13 60 78
14 60 82
15 60 75
16 60 81
17 60 85
18 60 75
19 60 64
20 60 72
21 60 77
22 60 71
23 60 81
24 60 82
25 60 80
26 60 78
27 60 81
28 60 86
29 60 84
30 60 69
31 60 75
32 60 81
33 60 79
34 60 71
35 60 77
36 60 72
37 60 76
38 60 74
39 60 80
40 60 70
41 60 84
42 60 75
43 60 79
44 60 78
45 60 79
