2 1 74
46 1 39
1 2 23
12 2 53
15 2 26
16 2 66
19 2 43
34 2 38
37 2 18
46 2 21
46 3 41
5 4 49
6 4 50
15 4 30
46 4 24
4 5 64
6 5 59
15 5 38
46 5 31
4 6 61
5 6 54
15 6 34
46 6 28
46 7 60
46 8 14
46 9 39
46 10 19
12 11 88
25 11 51
46 11 64
2 12 51
11 12 13
16 12 62
46 12 19
2 14 78
25 14 32
30 14 59
34 14 64
41 14 71
46 14 45
4 15 76
5 15 71
6 15 72
16 15 85
46 15 45
2 16 37
12 16 35
15 16 15
23 16 26
30 16 19
34 16 23
39 16 55
44 16 24
46 16 12
46 17 65
14 18 65
46 18 51
2 19 57
34 19 40
46 19 23
2 20 62
12 20 60
15 20 33
23 20 50
44 20 47
46 20 27
46 21 34
46 22 15
2 23 57
14 23 34
16 23 68
20 23 37
34 23 40
41 23 47
46 23 23
14 24 60
43 24 39
46 24 47
11 25 46
14 25 70
46 25 58
10 26 88
46 26 57
12 27 54
46 27 22
46 28 27
34 29 71
46 29 52
16 30 90
46 30 57
12 31 64
14 31 43
46 31 30
46 32 28
6 33 64
10 33 76
46 33 36
2 34 66
14 34 42
23 34 54
30 34 44
44 34 51
46 34 30
46 35 54
46 36 74
2 37 80
46 37 47
46 38 69
16 39 29
24 39 9
46 39 5
46 40 47
14 41 36
46 41 25
46 42 27
46 43 58
2 44 59
12 44 57
16 44 69
19 44 47
34 44 41
46 44 24
6 45 77
30 45 66
46 45 52
1 46 60
2 46 86
3 46 75
4 46 84
5 46 80
6 46 81
7 46 61
8 46 90
9 46 70
10 46 88
11 46 46
12 46 85
13 46 83
14 46 70
15 46 64
16 46 91
17 46 31
18 46 59
