8 2 89
21 2 83
22 2 91
30 2 82
32 2 88
33 2 85
42 2 82
52 2 87
63 2 84
68 2 92
84 2 85
2 3 57
5 3 74
6 3 57
7 3 65
8 3 75
9 3 86
10 3 84
11 3 79
14 3 80
15 3 66
17 3 71
18 3 84
19 3 71
20 3 68
21 3 66
22 3 79
23 3 88
24 3 67
25 3 68
26 3 71
27 3 71
28 3 72
29 3 75
30 3 63
32 3 74
33 3 69
34 3 69
35 3 69
37 3 70
38 3 78
39 3 73
40 3 68
41 3 72
42 3 64
43 3 72
44 3 67
46 3 74
48 3 71
49 3 74
50 3 73
51 3 77
52 3 73
53 3 71
54 3 77
55 3 80
56 3 76
58 3 64
59 3 72
60 3 74
61 3 76
62 3 63
63 3 67
66 3 75
67 3 70
68 3 81
69 3 54
70 3 68
71 3 68
72 3 68
73 3 70
75 3 71
78 3 64
85 3 67
90 3 54
29 4 58
2 5 28
3 5 31
6 5 28
7 5 36
8 5 47
9 5 65
10 5 60
11 5 52
13 5 25
14 5 55
15 5 37
17 5 42
18 5 61
19 5 42
21 5 36
22 5 53
24 5 37
25 5 38
26 5 42
27 5 42
28 5 43
29 5 48
30 5 34
31 5 32
32 5 46
33 5 40
34 5 39
35 5 40
36 5 33
37 5 41
38 5 51
39 5 44
40 5 39
41 5 43
42 5 35
43 5 43
44 5 38
45 5 41
46 5 46
47 5 16
48 5 42
49 5 46
50 5 45
51 5 49
52 5 44
53 5 41
54 5 50
55 5 54
56 5 48
57 5 21
58 5 34
59 5 43
60 5 45
61 5 48
62 5 33
63 5 37
65 5 28
66 5 47
67 5 41
68 5 56
69 5 26
70 5 38
71 5 39
72 5 38
73 5 41
75 5 42
77 5 34
78 5 34
82 5 25
84 5 40
85 5 38
86 5 18
87 5 28
88 5 36
89 5 33
90 5 26
91 5 31
95 5 7
2 6 54
3 6 58
5 6 72
7 6 62
8 6 73
10 6 82
11 6 76
13 6 50
14 6 78
15 6 63
18 6 82
19 6 68
21 6 63
22 6 77
24 6 64
25 6 65
26 6 69
27 6 68
28 6 69
29 6 73
30 6 60
31 6 58
34 6 66
35 6 66
36 6 59
37 6 68
38 6 76
39 6 70
40 6 66
41 6 69
42 6 61
43 6 69
44 6 65
45 6 67
46 6 72
48 6 68
49 6 72
50 6 71
51 6 74
52 6 70
53 6 68
54 6 75
55 6 78
56 6 73
58 6 61
59 6 69
60 6 71
61 6 74
62 6 59
63 6 64
65 6 54
67 6 67
69 6 51
70 6 65
71 6 65
72 6 65
73 6 68
75 6 68
77 6 60
87 6 53
89 6 59
2 7 51
3 7 55
5 7 69
8 7 70
10 7 80
11 7 74
13 7 47
14 7 76
15 7 60
17 7 65
18 7 80
19 7 65
21 7 60
22 7 75
24 7 61
25 7 62
26 7 66
27 7 66
28 7 67
29 7 70
30 7 57
31 7 55
32 7 69
33 7 64
34 7 63
35 7 64
36 7 56
37 7 65
38 7 73
39 7 67
40 7 63
41 7 67
42 7 58
43 7 67
44 7 62
45 7 65
46 7 69
47 7 33
48 7 66
49 7 69
50 7 68
51 7 72
52 7 67
53 7 65
54 7 73
55 7 76
56 7 71
58 7 58
59 7 67
60 7 68
61 7 71
62 7 57
63 7 61
65 7 51
66 7 70
67 7 64
68 7 77
69 7 48
70 7 62
71 7 62
72 7 62
73 7 65
75 7 65
77 7 57
78 7 58
84 7 63
85 7 62
88 7 59
89 7 56
91 7 55
2 8 46
3 8 50
5 8 65
6 8 46
7 8 54
10 8 77
11 8 70
13 8 42
14 8 72
15 8 55
17 8 61
18 8 77
19 8 61
21 8 55
22 8 71
24 8 56
25 8 57
26 8 61
27 8 61
28 8 62
29 8 66
30 8 52
32 8 65
33 8 59
34 8 58
35 8 59
37 8 60
38 8 69
39 8 63
40 8 58
41 8 62
42 8 53
43 8 62
44 8 57
46 8 65
48 8 61
49 8 65
50 8 64
51 8 68
52 8 63
53 8 60
54 8 69
55 8 72
56 8 66
57 8 36
59 8 62
60 8 64
61 8 67
63 8 56
66 8 66
68 8 74
75 8 61
82 8 42
84 8 59
87 8 45
88 8 54
89 8 51
90 8 43
91 8 50
3 9 34
5 9 49
8 9 50
10 9 63
11 9 55
14 9 58
17 9 45
18 9 63
19 9 44
22 9 56
25 9 41
26 9 45
27 9 45
28 9 46
29 9 51
30 9 37
31 9 34
32 9 49
33 9 43
34 9 42
35 9 43
36 9 35
37 9 44
38 9 54
39 9 47
40 9 42
41 9 46
43 9 46
44 9 41
46 9 49
48 9 45
49 9 49
50 9 48
51 9 52
52 9 47
53 9 44
54 9 53
55 9 57
56 9 51
58 9 37
60 9 48
61 9 51
62 9 36
66 9 50
68 9 59
75 9 45
77 9 36
78 9 37
81 9 18
82 9 28
84 9 43
85 9 41
86 9 19
88 9 38
90 9 28
91 9 34
7 10 52
8 10 64
9 10 78
11 10 68
13 10 40
14 10 70
17 10 59
18 10 75
19 10 58
21 10 53
22 10 69
24 10 54
25 10 55
26 10 59
27 10 59
28 10 60
29 10 64
30 10 50
31 10 48
32 10 63
33 10 57
34 10 56
35 10 57
36 10 49
37 10 58
38 10 67
39 10 61
40 10 56
41 10 60
42 10 51
43 10 60
44 10 55
45 10 58
46 10 63
48 10 59
49 10 63
50 10 61
51 10 66
52 10 61
53 10 58
54 10 67
55 10 70
56 10 64
57 10 34
58 10 51
59 10 60
60 10 62
61 10 65
62 10 49
65 10 43
66 10 64
67 10 57
68 10 72
69 10 40
70 10 55
71 10 55
72 10 55
73 10 58
75 10 59
88 10 52
90 10 41
91 10 47
7 11 60
8 11 71
10 11 81
15 11 61
17 11 66
18 11 81
19 11 66
22 11 75
25 11 63
26 11 67
28 11 67
29 11 71
30 11 58
32 11 70
33 11 65
34 11 64
35 11 64
37 11 66
38 11 74
39 11 68
40 11 64
41 11 68
43 11 67
44 11 62
45 11 65
46 11 70
48 11 66
49 11 70
50 11 69
51 11 73
52 11 68
54 11 73
55 11 76
56 11 71
58 11 59
61 11 72
62 11 57
65 11 51
66 11 71
67 11 65
68 11 78
69 11 49
70 11 63
71 11 63
72 11 63
73 11 66
75 11 66
85 11 62
90 11 49
91 11 55
5 13 81
6 13 67
7 13 74
8 13 82
10 13 89
11 13 85
14 13 86
15 13 75
18 13 89
19 13 79
21 13 74
22 13 85
24 13 75
25 13 76
26 13 79
27 13 79
28 13 80
29 13 82
30 13 73
33 13 78
34 13 77
40 13 77
43 13 80
44 13 76
46 13 82
48 13 79
49 13 82
50 13 81
51 13 83
55 13 86
56 13 83
59 13 80
60 13 81
66 13 82
68 13 87
77 13 72
2 14 31
3 14 34
5 14 49
6 14 30
7 14 38
8 14 50
9 14 68
10 14 63
11 14 55
13 14 27
15 14 39
17 14 45
18 14 63
19 14 44
21 14 39
22 14 56
23 14 72
24 14 40
25 14 41
26 14 45
27 14 45
28 14 46
29 14 50
30 14 36
31 14 34
32 14 49
33 14 43
34 14 42
35 14 43
36 14 35
37 14 44
38 14 54
39 14 47
40 14 42
41 14 46
42 14 37
43 14 46
44 14 41
45 14 44
46 14 49
48 14 45
49 14 49
50 14 48
51 14 52
52 14 47
53 14 44
54 14 53
55 14 57
56 14 51
58 14 37
59 14 46
60 14 48
61 14 51
62 14 36
63 14 40
65 14 30
66 14 50
67 14 43
68 14 59
69 14 28
70 14 41
71 14 41
72 14 41
73 14 44
75 14 45
77 14 36
78 14 37
82 14 27
84 14 42
85 14 41
87 14 30
88 14 38
91 14 34
2 15 48
3 15 51
5 15 66
7 15 56
8 15 67
9 15 81
10 15 78
11 15 71
13 15 43
14 15 73
16 15 72
17 15 62
18 15 78
19 15 62
20 15 59
21 15 56
22 15 72
24 15 58
25 15 59
26 15 63
27 15 62
28 15 63
29 15 67
30 15 54
31 15 51
32 15 66
33 15 60
34 15 59
35 15 60
36 15 53
37 15 62
38 15 70
39 15 64
40 15 59
42 15 55
43 15 63
44 15 58
45 15 61
46 15 66
48 15 62
49 15 66
50 15 65
51 15 69
52 15 64
53 15 62
54 15 70
55 15 73
56 15 68
58 15 54
59 15 64
60 15 65
61 15 68
62 15 53
63 15 57
65 15 47
66 15 67
67 15 61
68 15 75
69 15 44
70 15 59
71 15 59
72 15 59
73 15 62
75 15 62
77 15 54
78 15 54
84 15 60
91 15 51
10 16 12
15 16 5
18 16 12
22 16 9
25 16 5
39 16 7
58 16 5
62 16 4
65 16 3
67 16 6
2 17 36
3 17 39
5 17 54
7 17 43
8 17 56
9 17 72
10 17 68
11 17 60
14 17 63
15 17 44
18 17 68
19 17 50
21 17 44
22 17 61
24 17 45
25 17 46
26 17 51
27 17 50
28 17 51
29 17 56
30 17 42
31 17 39
32 17 54
33 17 48
34 17 47
35 17 48
36 17 40
37 17 49
38 17 59
39 17 52
40 17 47
41 17 52
42 17 42
43 17 51
44 17 46
45 17 49
46 17 54
47 17 20
48 17 50
49 17 54
50 17 53
51 17 57
52 17 52
53 17 50
54 17 59
55 17 62
56 17 56
57 17 27
58 17 42
59 17 52
60 17 53
61 17 57
62 17 41
63 17 45
66 17 55
67 17 49
68 17 64
70 17 47
71 17 47
72 17 47
73 17 49
75 17 50
77 17 41
78 17 42
82 17 32
83 17 16
84 17 48
85 17 46
86 17 23
87 17 35
88 17 43
90 17 33
91 17 39
95 17 9
3 18 28
4 18 31
5 18 42
6 18 25
7 18 32
8 18 43
9 18 61
10 18 56
11 18 48
14 18 51
15 18 33
17 18 38
19 18 38
21 18 32
22 18 49
24 18 33
25 18 35
26 18 38
27 18 38
28 18 39
29 18 43
30 18 30
31 18 28
32 18 42
33 18 36
34 18 35
35 18 36
36 18 29
37 18 37
38 18 47
39 18 40
40 18 35
41 18 39
42 18 31
43 18 39
44 18 34
45 18 37
46 18 42
47 18 14
48 18 38
49 18 42
50 18 41
51 18 45
52 18 40
53 18 38
54 18 46
55 18 50
56 18 44
57 18 18
58 18 31
59 18 39
60 18 41
61 18 44
62 18 30
63 18 33
65 18 25
66 18 43
68 18 52
69 18 23
70 18 35
71 18 35
72 18 35
73 18 37
75 18 38
77 18 30
78 18 31
81 18 14
82 18 22
83 18 10
84 18 36
85 18 34
87 18 24
88 18 32
89 18 29
90 18 23
91 18 28
3 19 57
4 19 61
5 19 71
6 19 53
7 19 61
8 19 72
10 19 81
11 19 76
13 19 49
14 19 78
17 19 67
18 19 82
21 19 62
22 19 76
24 19 63
25 19 64
26 19 68
27 19 67
28 19 68
29 19 72
30 19 59
31 19 57
32 19 71
33 19 66
34 19 65
35 19 65
37 19 67
38 19 75
39 19 69
40 19 65
41 19 69
42 19 60
43 19 68
44 19 64
45 19 67
46 19 71
48 19 68
49 19 71
50 19 70
51 19 74
52 19 69
53 19 67
54 19 74
55 19 77
56 19 72
59 19 69
60 19 70
61 19 73
62 19 59
63 19 63
66 19 72
68 19 79
75 19 67
77 19 59
78 19 60
84 19 65
87 19 52
88 19 61
89 19 58
11 20 70
15 20 55
25 20 57
46 20 65
49 20 65
56 20 66
2 21 44
3 21 48
5 21 63
6 21 44
7 21 52
8 21 64
10 21 75
11 21 68
13 21 40
14 21 71
15 21 53
17 21 59
18 21 75
19 21 59
22 21 69
24 21 54
25 21 55
26 21 59
27 21 59
28 21 60
29 21 64
30 21 50
31 21 48
32 21 63
33 21 57
34 21 56
35 21 57
36 21 49
37 21 58
38 21 67
39 21 61
40 21 56
41 21 60
43 21 60
44 21 55
45 21 58
46 21 63
47 21 27
48 21 59
49 21 63
50 21 62
51 21 66
52 21 61
53 21 59
54 21 67
55 21 70
56 21 64
57 21 34
58 21 51
59 21 60
60 21 62
61 21 65
62 21 50
65 21 44
66 21 64
67 21 58
68 21 72
69 21 41
70 21 55
71 21 56
72 21 55
73 21 58
75 21 59
77 21 50
78 21 51
84 21 57
85 21 55
87 21 43
88 21 52
91 21 47
2 22 25
3 22 28
5 22 42
6 22 25
7 22 32
8 22 43
9 22 61
10 22 56
11 22 48
13 22 22
14 22 50
15 22 33
17 22 38
18 22 56
19 22 37
21 22 32
24 22 33
25 22 34
26 22 38
27 22 38
28 22 39
29 22 43
30 22 30
31 22 28
32 22 42
33 22 36
34 22 35
35 22 36
36 22 29
37 22 37
38 22 47
39 22 40
40 22 35
41 22 39
42 22 31
43 22 39
44 22 34
45 22 37
46 22 42
47 22 13
48 22 38
49 22 42
50 22 40
51 22 45
52 22 40
53 22 37
54 22 46
55 22 50
56 22 43
57 22 18
58 22 31
59 22 39
60 22 41
61 22 44
62 22 29
63 22 33
65 22 25
66 22 43
67 22 37
68 22 52
69 22 23
70 22 34
71 22 35
72 22 34
73 22 37
75 22 38
77 22 30
78 22 30
82 22 22
83 22 10
84 22 36
85 22 34
86 22 15
87 22 24
88 22 32
89 22 29
90 22 23
91 22 28
95 22 6
3 24 50
5 24 65
6 24 46
7 24 54
8 24 66
10 24 77
11 24 70
13 24 42
14 24 72
15 24 55
17 24 61
18 24 77
19 24 61
21 24 55
22 24 71
25 24 57
26 24 61
27 24 61
28 24 62
29 24 66
30 24 53
31 24 50
33 24 59
34 24 58
35 24 59
36 24 51
37 24 60
38 24 69
39 24 63
40 24 58
41 24 62
42 24 53
43 24 62
44 24 57
45 24 60
46 24 65
48 24 61
49 24 65
50 24 64
51 24 68
52 24 63
53 24 61
54 24 69
55 24 72
56 24 66
57 24 36
58 24 53
59 24 62
60 24 64
61 24 67
62 24 52
63 24 56
66 24 66
67 24 60
68 24 74
69 24 43
70 24 58
71 24 58
72 24 58
73 24 60
75 24 61
77 24 52
87 24 45
88 24 54
91 24 50
2 25 42
3 25 46
5 25 61
6 25 42
7 25 51
8 25 62
9 25 77
10 25 74
11 25 67
13 25 38
14 25 69
15 25 52
16 25 67
17 25 57
18 25 74
19 25 57
20 25 54
21 25 51
22 25 67
24 25 52
26 25 58
27 25 57
28 25 58
29 25 63
30 25 49
31 25 46
32 25 61
33 25 55
34 25 54
35 25 55
36 25 47
37 25 56
38 25 66
39 25 59
40 25 54
41 25 59
42 25 49
43 25 58
44 25 53
45 25 56
46 25 61
47 25 25
48 25 57
49 25 61
50 25 60
51 25 64
52 25 59
53 25 57
54 25 65
55 25 68
56 25 63
58 25 49
59 25 59
60 25 60
61 25 63
62 25 48
63 25 52
65 25 42
66 25 62
67 25 56
68 25 70
69 25 39
70 25 54
71 25 54
72 25 54
73 25 56
75 25 57
82 25 38
84 25 55
85 25 53
89 25 47
90 25 39
91 25 46
2 26 41
5 26 59
6 26 40
7 26 49
8 26 61
10 26 72
11 26 65
14 26 68
15 26 50
17 26 55
18 26 73
19 26 55
21 26 49
22 26 66
24 26 50
25 26 52
27 26 55
28 26 57
29 26 61
30 26 47
31 26 44
32 26 59
33 26 53
34 26 52
35 26 53
36 26 45
37 26 55
38 26 64
39 26 57
40 26 52
41 26 57
42 26 48
43 26 56
44 26 51
45 26 54
46 26 60
48 26 56
49 26 60
50 26 58
51 26 63
52 26 57
53 26 55
54 26 64
55 26 67
56 26 61
57 26 31
58 26 47
59 26 57
60 26 59
61 26 62
62 26 46
63 26 50
66 26 61
67 26 54
68 26 69
70 26 52
71 26 52
72 26 52
73 26 55
75 26 55
77 26 47
78 26 47
84 26 53
85 26 51
87 26 40
88 26 49
89 26 45
90 26 37
2 27 42
5 27 61
6 27 42
7 27 51
8 27 62
10 27 74
11 27 67
14 27 69
15 27 52
17 27 57
18 27 74
19 27 57
21 27 51
22 27 67
25 27 53
26 27 58
28 27 58
29 27 63
30 27 49
31 27 46
32 27 61
33 27 55
34 27 54
35 27 55
36 27 47
37 27 56
38 27 66
39 27 59
40 27 54
41 27 59
42 27 49
43 27 58
44 27 53
45 27 56
46 27 61
48 27 57
49 27 61
50 27 60
51 27 64
52 27 59
53 27 57
54 27 65
55 27 68
56 27 63
57 27 33
58 27 49
59 27 59
60 27 60
61 27 63
63 27 52
66 27 62
67 27 56
68 27 70
70 27 54
71 27 54
72 27 54
73 27 56
75 27 57
77 27 48
78 27 49
84 27 55
85 27 53
87 27 41
88 27 51
89 27 47
90 27 39
2 28 42
3 28 45
5 28 61
6 28 41
7 28 50
8 28 62
10 28 73
11 28 66
14 28 69
15 28 51
17 28 56
18 28 74
19 28 56
21 28 50
22 28 67
24 28 52
25 28 53
26 28 57
27 28 57
29 28 62
30 28 48
32 28 61
33 28 55
34 28 54
35 28 54
36 28 47
37 28 56
38 28 65
39 28 59
40 28 54
41 28 58
42 28 49
43 28 58
44 28 53
45 28 56
46 28 61
48 28 57
49 28 61
50 28 59
51 28 64
52 28 59
53 28 56
54 28 65
55 28 68
56 28 62
58 28 49
59 28 58
60 28 60
61 28 63
62 28 47
63 28 51
66 28 62
67 28 55
68 28 70
70 28 53
71 28 53
72 28 53
73 28 56
75 28 57
77 28 48
78 28 48
84 28 54
85 28 53
87 28 41
88 28 50
89 28 47
90 28 39
3 29 43
4 29 47
5 29 59
6 29 39
7 29 48
8 29 60
10 29 72
11 29 65
13 29 36
14 29 67
15 29 49
17 29 55
18 29 72
19 29 54
21 29 49
22 29 65
24 29 50
25 29 51
26 29 55
27 29 55
28 29 56
30 29 46
31 29 44
32 29 59
33 29 53
34 29 52
35 29 53
36 29 45
37 29 54
38 29 63
39 29 57
40 29 52
41 29 56
42 29 47
43 29 56
44 29 51
45 29 54
46 29 59
48 29 55
49 29 59
50 29 57
51 29 62
52 29 57
53 29 54
54 29 63
55 29 66
56 29 60
57 29 31
58 29 47
59 29 56
60 29 58
61 29 61
63 29 49
66 29 60
68 29 68
69 29 37
70 29 51
71 29 51
72 29 51
73 29 54
75 29 55
78 29 46
82 29 36
84 29 52
85 29 51
87 29 39
88 29 48
89 29 45
91 29 43
2 30 49
3 30 53
5 30 68
6 30 49
7 30 58
8 30 69
9 30 82
10 30 79
11 30 73
13 30 45
14 30 75
15 30 59
17 30 64
18 30 79
19 30 64
21 30 58
22 30 73
24 30 59
25 30 60
26 30 64
27 30 64
28 30 65
29 30 69
31 30 53
32 30 68
33 30 62
34 30 61
35 30 62
36 30 54
37 30 63
38 30 72
39 30 66
40 30 61
41 30 65
42 30 57
43 30 65
44 30 60
45 30 63
46 30 68
47 30 31
48 30 64
49 30 68
50 30 67
51 30 71
52 30 66
53 30 64
54 30 71
55 30 74
56 30 69
57 30 39
58 30 56
59 30 65
60 30 67
61 30 70
62 30 55
63 30 59
65 30 49
66 30 69
67 30 63
68 30 76
69 30 46
70 30 61
71 30 61
72 30 61
73 30 63
75 30 64
77 30 56
78 30 56
85 30 60
89 30 54
2 31 59
5 31 76
7 31 67
8 31 77
10 31 85
11 31 80
14 31 82
15 31 68
17 31 72
18 31 85
19 31 72
22 31 80
24 31 69
25 31 69
26 31 73
27 31 73
28 31 74
29 31 77
30 31 65
32 31 76
33 31 71
34 31 70
35 31 71
36 31 64
37 31 72
38 31 79
39 31 74
40 31 70
42 31 66
43 31 73
44 31 69
46 31 76
48 31 73
49 31 76
50 31 75
51 31 78
52 31 74
53 31 72
54 31 79
55 31 81
56 31 77
59 31 74
60 31 75
61 31 77
66 31 77
68 31 83
75 31 73
77 31 65
84 31 71
89 31 64
2 32 33
3 32 36
5 32 51
7 32 41
8 32 53
9 32 70
10 32 65
11 32 57
13 32 29
14 32 60
15 32 41
17 32 47
18 32 65
19 32 47
21 32 41
22 32 58
24 32 42
25 32 43
26 32 47
27 32 47
28 32 48
29 32 53
30 32 39
31 32 36
33 32 45
34 32 44
35 32 45
36 32 37
37 32 46
38 32 56
39 32 49
40 32 44
41 32 49
42 32 39
43 32 48
44 32 43
45 32 46
46 32 51
47 32 19
48 32 47
49 32 51
50 32 50
51 32 55
52 32 49
53 32 47
54 32 56
55 32 59
56 32 53
57 32 24
58 32 39
59 32 48
60 32 50
61 32 54
62 32 38
63 32 42
65 32 32
66 32 52
67 32 46
68 32 61
69 32 30
70 32 44
71 32 44
72 32 44
73 32 46
75 32 47
77 32 38
78 32 39
82 32 29
84 32 45
85 32 43
86 32 21
87 32 32
88 32 41
89 32 37
90 32 30
91 32 36
95 32 8
2 33 37
3 33 40
5 33 55
7 33 45
8 33 57
9 33 73
10 33 69
11 33 61
13 33 33
14 33 64
15 33 46
17 33 51
18 33 69
19 33 51
21 33 45
22 33 62
24 33 46
25 33 48
26 33 52
27 33 51
28 33 52
29 33 57
30 33 43
31 33 40
32 33 55
34 33 48
35 33 49
36 33 41
37 33 51
38 33 60
39 33 53
40 33 48
41 33 53
42 33 44
43 33 52
44 33 47
45 33 50
46 33 56
47 33 21
48 33 51
49 33 56
50 33 54
51 33 59
52 33 53
53 33 51
54 33 60
55 33 63
56 33 57
57 33 28
58 33 43
59 33 53
60 33 55
61 33 58
62 33 42
63 33 46
65 33 36
66 33 57
67 33 50
68 33 65
69 33 34
70 33 48
71 33 48
72 33 48
73 33 51
75 33 51
77 33 43
78 33 43
82 33 33
83 33 16
84 33 49
85 33 47
86 33 24
87 33 36
88 33 45
89 33 41
91 33 40
95 33 10
2 34 33
3 34 36
5 34 51
6 34 32
7 34 41
8 34 53
9 34 70
10 34 65
11 34 57
13 34 29
14 34 60
15 34 42
17 34 47
18 34 66
19 34 47
21 34 41
22 34 58
24 34 42
25 34 43
26 34 48
27 34 47
28 34 48
29 34 53
30 34 39
31 34 36
32 34 51
33 34 45
35 34 45
36 34 37
37 34 46
38 34 56
39 34 49
40 34 44
41 34 49
42 34 40
43 34 48
44 34 43
45 34 46
46 34 51
47 34 19
48 34 47
49 34 51
50 34 50
51 34 55
52 34 49
53 34 47
54 34 56
55 34 59
56 34 53
57 34 24
58 34 39
59 34 49
60 34 50
61 34 54
62 34 38
63 34 42
65 34 32
66 34 52
67 34 46
68 34 61
69 34 30
70 34 44
71 34 44
72 34 44
73 34 46
75 34 47
77 34 38
78 34 39
82 34 29
83 34 14
84 34 45
85 34 43
86 34 21
87 34 32
88 34 41
89 34 37
90 34 30
91 34 36
95 34 8
2 35 45
3 35 49
5 35 64
6 35 45
7 35 54
8 35 65
10 35 76
11 35 70
14 35 72
15 35 55
17 35 60
18 35 76
19 35 60
21 35 54
22 35 70
24 35 55
25 35 57
26 35 61
27 35 60
28 35 61
29 35 66
30 35 52
31 35 49
32 35 64
33 35 58
36 35 50
37 35 60
38 35 69
39 35 62
40 35 57
41 35 62
42 35 53
43 35 61
44 35 56
45 35 59
46 35 64
47 35 28
48 35 60
49 35 64
50 35 63
51 35 67
52 35 62
53 35 60
54 35 68
55 35 71
56 35 66
57 35 36
58 35 52
59 35 62
60 35 63
61 35 66
62 35 51
63 35 55
66 35 65
67 35 59
68 35 73
69 35 42
70 35 57
71 35 57
72 35 57
73 35 60
75 35 60
77 35 52
78 35 52
85 35 56
87 35 44
88 35 54
89 35 50
91 35 49
2 36 52
4 36 59
5 36 70
6 36 51
7 36 60
8 36 71
10 36 81
11 36 75
13 36 47
15 36 61
17 36 66
18 36 81
19 36 66
20 36 63
21 36 60
22 36 75
24 36 62
25 36 63
26 36 67
27 36 66
28 36 67
29 36 71
30 36 58
31 36 56
32 36 70
33 36 65
34 36 64
35 36 64
37 36 66
38 36 74
39 36 68
40 36 63
41 36 68
42 36 59
43 36 67
44 36 62
45 36 65
46 36 70
47 36 33
48 36 66
49 36 70
50 36 69
51 36 73
52 36 68
53 36 66
54 36 73
55 36 76
56 36 71
57 36 42
59 36 67
60 36 69
61 36 72
63 36 61
66 36 71
67 36 65
68 36 78
70 36 63
71 36 63
72 36 63
73 36 66
75 36 66
85 36 62
87 36 51
89 36 57
90 36 49
2 37 42
3 37 46
5 37 61
6 37 42
7 37 50
8 37 62
10 37 74
11 37 67
13 37 38
14 37 69
15 37 51
17 37 57
18 37 74
19 37 57
20 37 54
21 37 51
22 37 67
24 37 52
25 37 53
26 37 57
27 37 57
28 37 58
29 37 62
30 37 48
31 37 46
32 37 61
33 37 55
34 37 54
35 37 55
36 37 47
38 37 66
39 37 59
40 37 54
41 37 58
42 37 49
43 37 58
44 37 53
45 37 56
46 37 61
48 37 57
49 37 61
50 37 60
51 37 64
52 37 59
53 37 57
54 37 65
55 37 68
56 37 63
57 37 33
58 37 49
59 37 58
60 37 60
61 37 63
62 37 48
63 37 52
65 37 42
66 37 62
67 37 56
68 37 70
69 37 39
70 37 54
71 37 54
72 37 54
73 37 56
75 37 57
77 37 48
78 37 49
85 37 53
87 37 41
88 37 50
89 37 47
90 37 39
91 37 46
2 38 27
3 38 30
4 38 33
5 38 44
6 38 26
7 38 34
8 38 45
9 38 63
10 38 58
11 38 50
14 38 53
15 38 35
17 38 40
18 38 59
19 38 40
21 38 34
22 38 51
24 38 35
25 38 36
26 38 40
27 38 40
28 38 41
29 38 45
30 38 32
31 38 30
32 38 44
33 38 38
34 38 37
35 38 38
36 38 31
37 38 39
39 38 42
40 38 37
41 38 41
42 38 33
43 38 41
44 38 36
45 38 39
46 38 44
47 38 15
48 38 40
49 38 44
50 38 43
51 38 47
52 38 42
53 38 39
54 38 48
55 38 52
56 38 46
57 38 19
58 38 32
59 38 41
60 38 43
61 38 46
62 38 31
63 38 35
65 38 26
66 38 45
67 38 39
68 38 54
69 38 24
70 38 37
71 38 37
72 38 37
73 38 39
75 38 40
77 38 32
78 38 32
81 38 15
82 38 24
83 38 11
84 38 38
85 38 36
86 38 16
87 38 26
88 38 34
89 38 31
90 38 24
91 38 29
95 38 6
5 39 69
7 39 59
8 39 70
10 39 80
11 39 74
14 39 76
15 39 60
17 39 65
18 39 80
19 39 65
21 39 59
22 39 74
25 39 62
26 39 66
27 39 65
28 39 66
29 39 70
30 39 57
31 39 55
32 39 69
33 39 64
35 39 63
37 39 65
38 39 73
40 39 63
41 39 67
42 39 58
43 39 66
44 39 61
45 39 64
46 39 69
48 39 65
49 39 69
50 39 68
51 39 72
54 39 73
55 39 75
56 39 70
58 39 58
61 39 71
66 39 70
67 39 64
68 39 77
70 39 62
71 39 62
72 39 62
73 39 65
75 39 65
77 39 57
87 39 50
88 39 59
89 39 56
2 40 43
3 40 46
5 40 61
7 40 51
8 40 63
9 40 78
10 40 74
11 40 67
13 40 38
14 40 69
15 40 52
17 40 57
18 40 74
19 40 57
21 40 51
22 40 68
24 40 53
25 40 54
26 40 58
27 40 58
28 40 59
29 40 63
30 40 49
31 40 46
32 40 61
33 40 56
34 40 55
35 40 55
36 40 48
37 40 57
38 40 66
39 40 60
41 40 59
42 40 50
43 40 59
44 40 53
45 40 57
46 40 62
48 40 58
49 40 62
50 40 60
51 40 65
52 40 59
53 40 57
54 40 66
55 40 69
56 40 63
58 40 49
59 40 59
60 40 61
61 40 64
62 40 48
63 40 52
66 40 63
67 40 56
68 40 71
70 40 54
71 40 54
72 40 54
73 40 57
75 40 57
77 40 49
82 40 39
84 40 55
85 40 53
86 40 29
88 40 51
89 40 48
90 40 40
91 40 46
3 41 39
5 41 55
7 41 44
8 41 56
9 41 72
10 41 68
11 41 61
13 41 32
14 41 63
15 41 45
17 41 50
18 41 69
19 41 50
21 41 44
22 41 61
24 41 46
25 41 47
26 41 51
27 41 51
28 41 52
29 41 56
30 41 42
31 41 40
32 41 54
33 41 49
34 41 48
35 41 48
36 41 41
37 41 50
38 41 59
39 41 53
40 41 47
42 41 43
43 41 52
44 41 46
45 41 49
46 41 55
47 41 21
48 41 51
49 41 55
50 41 53
51 41 58
52 41 52
53 41 50
54 41 59
55 41 62
56 41 56
57 41 27
58 41 42
59 41 52
60 41 54
61 41 57
62 41 41
63 41 45
65 41 35
66 41 56
67 41 49
68 41 64
69 41 33
70 41 47
71 41 47
72 41 47
73 41 50
75 41 50
77 41 42
78 41 42
84 41 48
85 41 46
86 41 23
87 41 35
88 41 44
90 41 33
91 41 39
95 41 9
4 42 54
5 42 65
6 42 46
7 42 55
8 42 66
9 42 80
10 42 77
11 42 71
13 42 42
14 42 73
15 42 56
16 42 71
17 42 61
18 42 77
19 42 61
22 42 71
24 42 56
25 42 58
26 42 62
27 42 61
28 42 62
29 42 66
30 42 53
31 42 50
32 42 65
33 42 59
34 42 58
35 42 59
36 42 51
37 42 61
38 42 69
39 42 63
40 42 58
41 42 63
43 42 62
44 42 57
45 42 60
46 42 65
47 42 29
48 42 61
49 42 65
50 42 64
51 42 68
52 42 63
53 42 61
54 42 69
55 42 72
56 42 67
58 42 53
59 42 63
60 42 64
61 42 67
66 42 66
67 42 60
68 42 74
70 42 58
71 42 58
72 42 58
73 42 61
75 42 61
77 42 53
78 42 53
84 42 59
85 42 57
86 42 32
87 42 45
88 42 55
91 42 50
2 43 39
3 43 42
5 43 58
6 43 38
7 43 47
8 43 59
10 43 71
11 43 64
13 43 35
14 43 66
15 43 48
17 43 53
18 43 71
19 43 53
20 43 51
21 43 47
22 43 64
24 43 49
25 43 50
26 43 54
27 43 54
28 43 55
29 43 59
30 43 45
31 43 43
32 43 58
33 43 52
34 43 51
35 43 51
36 43 44
37 43 53
38 43 62
39 43 56
40 43 51
41 43 55
42 43 46
44 43 49
45 43 53
46 43 58
47 43 23
48 43 54
49 43 58
50 43 56
51 43 61
52 43 56
53 43 53
54 43 62
55 43 65
56 43 59
57 43 30
58 43 46
59 43 55
60 43 57
61 43 60
62 43 44
63 43 48
66 43 59
67 43 52
68 43 67
70 43 50
71 43 50
72 43 50
73 43 53
75 43 54
77 43 45
85 43 49
87 43 38
88 43 47
89 43 44
90 43 36
95 43 11
3 44 48
5 44 63
6 44 44
7 44 53
8 44 64
10 44 75
11 44 69
14 44 71
15 44 54
17 44 59
18 44 75
19 44 59
20 44 56
21 44 53
22 44 69
24 44 54
25 44 55
26 44 59
27 44 59
28 44 60
29 44 64
30 44 51
31 44 48
32 44 63
33 44 57
34 44 56
35 44 57
36 44 49
37 44 58
38 44 67
39 44 61
40 44 56
41 44 60
42 44 51
43 44 60
45 44 58
46 44 63
48 44 59
49 44 63
50 44 62
51 44 66
52 44 61
53 44 59
54 44 67
55 44 70
56 44 65
57 44 34
58 44 51
59 44 60
60 44 62
61 44 65
62 44 50
63 44 54
66 44 64
67 44 58
68 44 72
69 44 41
70 44 56
71 44 56
72 44 56
73 44 58
75 44 59
77 44 50
78 44 51
85 44 55
87 44 43
88 44 52
90 44 41
91 44 48
2 45 48
5 45 66
6 45 48
7 45 56
8 45 68
10 45 78
11 45 72
15 45 57
17 45 63
18 45 78
21 45 57
22 45 72
23 45 84
24 45 58
25 45 59
26 45 63
27 45 63
28 45 64
29 45 68
30 45 54
31 45 52
32 45 66
33 45 61
34 45 60
35 45 61
36 45 53
37 45 62
38 45 71
39 45 65
40 45 60
41 45 64
42 45 55
43 45 64
44 45 59
46 45 67
48 45 63
49 45 67
50 45 65
51 45 69
52 45 65
53 45 62
54 45 70
55 45 73
56 45 68
58 45 55
59 45 64
60 45 66
61 45 69
63 45 58
66 45 68
67 45 62
68 45 75
70 45 59
71 45 59
72 45 59
73 45 62
75 45 63
77 45 54
85 45 59
88 45 56
89 45 53
90 45 45
91 45 51
2 46 39
3 46 43
5 46 58
6 46 39
7 46 47
8 46 59
10 46 71
11 46 64
13 46 35
14 46 66
15 46 48
17 46 54
18 46 71
19 46 53
20 46 51
21 46 48
22 46 64
24 46 49
25 46 50
26 46 54
27 46 54
28 46 55
29 46 59
30 46 45
31 46 43
32 46 58
33 46 52
34 46 51
35 46 52
36 46 44
37 46 53
38 46 63
39 46 56
40 46 51
41 46 55
42 46 46
43 46 55
44 46 50
45 46 53
47 46 23
48 46 54
49 46 58
50 46 57
51 46 61
52 46 56
53 46 53
54 46 62
55 46 66
56 46 60
57 46 30
58 46 46
59 46 55
60 46 57
61 46 60
62 46 44
63 46 49
65 46 39
66 46 59
67 46 53
68 46 68
69 46 36
70 46 50
71 46 50
72 46 50
73 46 53
75 46 54
77 46 45
84 46 52
87 46 38
88 46 47
89 46 44
90 46 36
4 47 77
7 47 77
8 47 85
9 47 92
10 47 90
11 47 87
13 47 67
15 47 78
16 47 87
17 47 81
18 47 90
19 47 81
22 47 87
25 47 79
26 47 82
27 47 82
28 47 82
29 47 85
30 47 76
31 47 74
32 47 84
33 47 80
37 47 81
38 47 86
39 47 83
41 47 82
42 47 76
43 47 82
44 47 79
46 47 84
48 47 82
49 47 84
50 47 83
51 47 86
55 47 88
56 47 85
57 47 62
60 47 83
63 47 78
66 47 85
68 47 89
70 47 79
71 47 79
72 47 79
73 47 81
85 47 79
91 47 74
2 48 43
3 48 46
5 48 61
6 48 42
7 48 51
8 48 63
10 48 74
11 48 67
13 48 38
14 48 69
15 48 52
17 48 57
18 48 74
19 48 57
20 48 54
21 48 51
22 48 67
24 48 52
25 48 54
26 48 58
27 48 57
28 48 59
29 48 63
30 48 49
31 48 46
32 48 61
33 48 55
34 48 54
35 48 55
36 48 47
37 48 57
38 48 66
39 48 59
40 48 54
41 48 59
42 48 50
43 48 58
44 48 53
45 48 56
46 48 62
47 48 26
49 48 62
50 48 60
51 48 64
52 48 59
53 48 57
54 48 65
55 48 69
56 48 63
57 48 33
58 48 49
59 48 59
60 48 61
61 48 64
62 48 48
63 48 52
66 48 63
67 48 56
68 48 71
69 48 39
70 48 54
71 48 54
72 48 54
73 48 57
75 48 57
77 48 49
84 48 55
87 48 41
88 48 51
89 48 47
90 48 39
91 48 46
3 49 43
5 49 58
6 49 39
7 49 47
8 49 59
10 49 71
11 49 64
14 49 66
15 49 48
17 49 54
18 49 71
19 49 54
20 49 51
21 49 48
22 49 64
24 49 49
25 49 50
26 49 54
27 49 54
28 49 55
29 49 60
30 49 45
31 49 43
32 49 58
33 49 52
34 49 51
35 49 52
36 49 44
37 49 53
38 49 63
39 49 56
40 49 51
41 49 55
42 49 46
43 49 55
44 49 50
45 49 53
46 49 58
47 49 23
48 49 54
50 49 57
51 49 61
52 49 56
53 49 54
54 49 62
55 49 66
56 49 60
57 49 30
58 49 46
59 49 55
60 49 57
61 49 60
62 49 45
63 49 49
66 49 59
67 49 53
68 49 68
70 49 50
71 49 51
72 49 50
73 49 53
75 49 54
77 49 45
84 49 52
87 49 38
88 49 47
89 49 44
2 50 38
3 50 41
5 50 57
7 50 46
8 50 58
10 50 70
11 50 63
14 50 65
15 50 47
17 50 52
18 50 70
19 50 52
20 50 49
21 50 46
22 50 63
24 50 48
25 50 49
26 50 53
27 50 53
28 50 54
29 50 58
30 50 44
31 50 41
32 50 56
33 50 51
34 50 50
35 50 50
36 50 43
37 50 52
38 50 61
39 50 55
40 50 49
41 50 54
42 50 45
43 50 54
44 50 48
45 50 51
46 50 57
47 50 22
48 50 53
49 50 57
51 50 60
52 50 54
53 50 52
54 50 61
55 50 64
56 50 58
57 50 29
58 50 44
59 50 54
60 50 56
61 50 59
62 50 43
63 50 47
66 50 58
67 50 51
68 50 66
69 50 35
70 50 49
71 50 49
72 50 49
73 50 52
75 50 52
77 50 44
78 50 44
84 50 50
87 50 37
88 50 46
89 50 42
90 50 35
95 50 10
3 51 36
5 51 51
6 51 33
7 51 41
8 51 53
9 51 70
10 51 66
11 51 58
13 51 29
14 51 60
15 51 42
17 51 47
18 51 66
19 51 47
21 51 41
22 51 58
24 51 43
25 51 44
26 51 48
27 51 47
28 51 49
29 51 53
30 51 39
31 51 37
32 51 51
33 51 45
34 51 44
35 51 45
36 51 38
37 51 47
38 51 56
39 51 49
40 51 44
41 51 49
42 51 40
43 51 48
44 51 43
45 51 46
46 51 52
47 51 19
48 51 48
49 51 52
50 51 50
52 51 49
53 51 47
54 51 56
55 51 59
56 51 53
57 51 25
58 51 39
59 51 49
60 51 51
61 51 54
62 51 38
63 51 42
66 51 53
67 51 46
68 51 62
70 51 44
71 51 44
72 51 44
73 51 47
75 51 47
77 51 39
78 51 39
84 51 45
85 51 43
87 51 32
89 51 38
90 51 30
95 51 8
2 52 34
3 52 37
5 52 53
6 52 34
7 52 42
8 52 54
9 52 71
10 52 67
11 52 59
14 52 61
15 52 43
17 52 48
18 52 67
19 52 48
21 52 42
22 52 59
24 52 44
25 52 45
26 52 49
27 52 49
28 52 50
29 52 54
30 52 40
31 52 38
32 52 53
33 52 47
34 52 46
35 52 46
36 52 39
37 52 48
38 52 58
39 52 51
40 52 46
41 52 50
42 52 41
43 52 50
44 52 44
45 52 48
46 52 53
48 52 49
49 52 53
50 52 51
51 52 56
53 52 48
54 52 57
55 52 61
56 52 54
57 52 26
58 52 41
59 52 50
60 52 52
61 52 55
62 52 39
63 52 43
66 52 54
67 52 47
68 52 63
69 52 31
70 52 45
71 52 45
72 52 45
73 52 48
75 52 49
77 52 40
78 52 40
84 52 46
85 52 44
86 52 22
87 52 33
88 52 42
89 52 39
90 52 31
91 52 37
3 53 44
5 53 59
6 53 40
7 53 48
8 53 60
10 53 72
11 53 65
13 53 36
14 53 67
15 53 49
17 53 55
18 53 72
19 53 55
20 53 52
21 53 49
22 53 65
24 53 50
25 53 51
26 53 55
27 53 55
28 53 56
29 53 61
30 53 46
31 53 44
32 53 59
33 53 53
34 53 52
35 53 53
36 53 45
37 53 54
38 53 64
39 53 57
40 53 52
41 53 56
42 53 47
43 53 56
44 53 51
45 53 54
46 53 59
47 53 24
48 53 55
49 53 59
50 53 58
51 53 62
52 53 57
54 53 63
55 53 67
56 53 61
57 53 31
58 53 47
59 53 56
60 53 58
61 53 61
62 53 46
63 53 50
66 53 60
67 53 54
68 53 69
69 53 37
70 53 51
71 53 52
72 53 51
73 53 54
75 53 55
77 53 46
82 53 36
84 53 53
87 53 39
88 53 48
89 53 45
90 53 37
91 53 44
2 54 33
3 54 36
5 54 51
6 54 32
7 54 40
8 54 52
9 54 69
10 54 65
11 54 57
13 54 29
14 54 60
15 54 41
17 54 47
18 54 65
19 54 46
21 54 41
22 54 57
24 54 42
25 54 43
26 54 47
27 54 47
28 54 48
29 54 52
30 54 38
31 54 36
32 54 51
33 54 45
34 54 44
35 54 45
36 54 37
37 54 46
38 54 56
39 54 49
40 54 44
41 54 48
42 54 39
43 54 48
44 54 43
45 54 46
46 54 51
47 54 18
48 54 47
49 54 51
50 54 50
51 54 54
52 54 49
53 54 46
55 54 59
56 54 53
57 54 24
58 54 39
59 54 48
60 54 50
61 54 53
62 54 38
63 54 42
65 54 32
66 54 52
67 54 45
68 54 61
70 54 43
71 54 43
72 54 43
73 54 46
75 54 47
77 54 38
78 54 39
84 54 44
85 54 43
87 54 32
88 54 40
90 54 30
91 54 36
95 54 8
2 55 30
3 55 33
5 55 48
6 55 30
7 55 38
8 55 50
9 55 67
10 55 63
11 55 54
13 55 27
14 55 57
15 55 39
17 55 44
18 55 63
19 55 44
21 55 38
22 55 55
24 55 39
25 55 40
26 55 45
27 55 44
28 55 45
29 55 50
30 55 36
31 55 34
32 55 48
33 55 42
34 55 41
35 55 42
36 55 35
37 55 43
38 55 53
39 55 46
40 55 41
41 55 46
42 55 37
43 55 45
44 55 40
45 55 43
46 55 48
47 55 17
48 55 44
49 55 48
50 55 47
51 55 52
52 55 46
53 55 44
54 55 53
56 55 50
57 55 22
58 55 36
59 55 46
60 55 47
61 55 51
62 55 35
63 55 39
66 55 49
67 55 43
68 55 58
69 55 27
70 55 41
71 55 41
72 55 41
73 55 43
75 55 44
77 55 36
78 55 36
84 55 42
85 55 40
87 55 29
88 55 38
89 55 35
90 55 28
95 55 7
2 56 33
3 56 37
5 56 52
6 56 33
7 56 41
8 56 53
9 56 70
10 56 66
11 56 58
13 56 30
14 56 60
15 56 42
17 56 47
18 56 66
19 56 47
20 56 45
21 56 41
22 56 58
24 56 43
25 56 44
26 56 48
27 56 48
28 56 49
29 56 53
30 56 39
31 56 37
32 56 52
33 56 46
34 56 45
35 56 45
36 56 38
37 56 47
38 56 57
39 56 50
40 56 45
41 56 49
42 56 40
43 56 49
44 56 43
45 56 47
46 56 52
47 56 19
48 56 48
49 56 52
50 56 50
51 56 55
52 56 50
53 56 47
54 56 56
55 56 60
57 56 25
58 56 40
59 56 49
60 56 51
61 56 54
62 56 38
63 56 42
65 56 33
66 56 53
67 56 46
68 56 62
69 56 30
70 56 44
71 56 44
72 56 44
73 56 47
75 56 48
77 56 39
78 56 39
82 56 30
84 56 45
87 56 32
88 56 41
95 56 9
2 57 55
5 57 72
7 57 63
8 57 73
10 57 82
11 57 77
13 57 50
14 57 79
15 57 64
17 57 69
18 57 82
19 57 68
20 57 66
21 57 63
22 57 77
24 57 64
25 57 65
26 57 69
27 57 69
28 57 70
29 57 73
30 57 61
31 57 59
32 57 72
33 57 67
34 57 66
35 57 67
37 57 68
38 57 76
41 57 70
43 57 70
44 57 65
45 57 68
46 57 72
47 57 36
48 57 69
49 57 72
50 57 71
51 57 75
52 57 70
53 57 68
54 57 76
55 57 78
56 57 74
59 57 70
60 57 72
61 57 74
63 57 64
66 57 73
70 57 66
71 57 66
72 57 66
73 57 68
75 57 69
77 57 61
85 57 65
87 57 54
3 58 55
5 58 70
6 58 51
7 58 60
8 58 71
10 58 81
11 58 75
13 58 48
17 58 66
18 58 81
19 58 66
21 58 61
22 58 75
24 58 62
26 58 67
27 58 66
28 58 67
29 58 71
30 58 58
31 58 56
32 58 70
33 58 65
34 58 64
35 58 64
37 58 66
38 58 74
39 58 68
40 58 64
41 58 68
42 58 59
43 58 67
44 58 62
45 58 65
46 58 70
48 58 66
49 58 70
50 58 69
51 58 73
52 58 68
53 58 66
54 58 73
55 58 76
56 58 71
60 58 69
61 58 72
62 58 57
63 58 61
66 58 71
67 58 65
68 58 78
69 58 49
70 58 63
71 58 63
72 58 63
73 58 66
75 58 66
77 58 58
84 58 64
89 58 57
90 58 49
2 59 29
3 59 32
5 59 46
7 59 36
8 59 48
9 59 65
10 59 61
11 59 52
14 59 55
15 59 37
17 59 42
18 59 61
19 59 42
21 59 36
22 59 53
24 59 37
25 59 38
26 59 43
27 59 42
28 59 43
29 59 48
30 59 34
31 59 32
32 59 46
33 59 40
34 59 39
35 59 40
36 59 33
37 59 41
38 59 51
39 59 44
40 59 39
41 59 44
42 59 35
43 59 43
44 59 38
45 59 41
46 59 46
47 59 16
48 59 42
49 59 46
50 59 45
51 59 49
52 59 44
53 59 42
54 59 51
55 59 54
56 59 48
57 59 21
58 59 34
60 59 45
61 59 49
62 59 33
63 59 37
65 59 28
66 59 47
67 59 41
68 59 56
69 59 26
70 59 39
71 59 39
72 59 39
73 59 41
75 59 42
77 59 34
78 59 34
81 59 17
82 59 25
83 59 12
84 59 40
85 59 38
86 59 18
87 59 28
88 59 36
89 59 33
90 59 26
91 59 31
95 59 7
3 60 35
5 60 50
6 60 31
7 60 39
8 60 51
9 60 68
10 60 64
11 60 56
13 60 28
14 60 59
15 60 40
16 60 56
17 60 46
18 60 64
19 60 45
21 60 40
22 60 57
24 60 41
25 60 42
26 60 46
27 60 46
28 60 47
29 60 51
30 60 37
31 60 35
32 60 50
33 60 44
34 60 43
35 60 44
36 60 36
37 60 45
38 60 55
39 60 48
40 60 43
41 60 47
42 60 38
43 60 47
44 60 42
45 60 45
46 60 50
47 60 18
48 60 46
49 60 50
50 60 49
51 60 53
52 60 48
53 60 45
54 60 54
55 60 58
56 60 52
57 60 24
58 60 38
59 60 47
61 60 52
62 60 37
63 60 41
65 60 31
66 60 51
67 60 45
68 60 60
69 60 29
70 60 42
71 60 42
72 60 42
73 60 45
75 60 46
77 60 37
78 60 38
82 60 28
84 60 43
85 60 42
87 60 31
88 60 39
89 60 36
90 60 29
91 60 35
95 60 8
2 61 35
3 61 38
5 61 53
7 61 43
8 61 55
10 61 67
11 61 60
13 61 31
14 61 62
15 61 44
17 61 49
18 61 68
19 61 49
21 61 43
22 61 60
24 61 45
25 61 46
26 61 50
27 61 49
28 61 51
29 61 55
30 61 41
31 61 39
32 61 53
33 61 48
34 61 46
35 61 47
36 61 40
37 61 49
38 61 58
39 61 52
40 61 46
41 61 51
42 61 42
43 61 50
44 61 45
45 61 48
46 61 54
48 61 50
49 61 54
50 61 52
51 61 57
52 61 51
53 61 49
54 61 58
55 61 61
56 61 55
57 61 26
58 61 41
59 61 51
60 61 53
62 61 40
63 61 44
65 61 34
66 61 55
67 61 48
68 61 64
69 61 32
70 61 46
71 61 46
72 61 46
73 61 49
75 61 49
77 61 41
78 61 41
84 61 47
85 61 45
86 61 22
87 61 34
88 61 43
89 61 40
90 61 32
91 61 38
95 61 9
5 62 71
6 62 53
8 62 72
10 62 82
11 62 76
17 62 68
18 62 82
19 62 67
21 62 62
22 62 76
24 62 63
25 62 64
26 62 68
27 62 68
28 62 69
29 62 72
30 62 60
32 62 71
33 62 66
34 62 65
35 62 66
37 62 67
38 62 75
39 62 70
40 62 65
41 62 69
43 62 69
44 62 64
45 62 67
46 62 71
48 62 68
49 62 71
50 62 70
51 62 74
52 62 69
53 62 67
54 62 75
55 62 77
56 62 73
58 62 60
60 62 71
61 62 73
63 62 63
66 62 72
67 62 67
68 62 79
70 62 65
71 62 65
72 62 65
73 62 67
75 62 68
77 62 60
84 62 66
87 62 53
88 62 62
2 63 35
3 63 38
4 63 42
5 63 53
6 63 34
7 63 43
8 63 55
9 63 71
10 63 67
11 63 59
13 63 31
14 63 62
15 63 44
17 63 49
18 63 67
19 63 49
20 63 46
22 63 60
24 63 44
25 63 45
26 63 50
27 63 49
28 63 50
29 63 55
30 63 41
31 63 38
32 63 53
33 63 47
34 63 46
35 63 47
36 63 39
37 63 48
38 63 58
40 63 46
41 63 51
43 63 50
44 63 45
45 63 48
46 63 54
47 63 20
48 63 49
49 63 54
50 63 52
51 63 57
52 63 51
53 63 49
54 63 58
55 63 61
56 63 55
57 63 26
58 63 41
59 63 51
60 63 52
61 63 56
62 63 40
65 63 34
66 63 55
67 63 48
68 63 63
69 63 32
70 63 46
71 63 46
72 63 46
73 63 48
75 63 49
77 63 41
78 63 41
82 63 31
83 63 15
84 63 47
85 63 45
87 63 34
88 63 43
89 63 39
90 63 32
91 63 38
3 64 70
8 64 82
9 64 90
10 64 89
11 64 85
14 64 86
15 64 74
18 64 89
22 64 85
27 64 79
30 64 72
34 64 76
36 64 71
37 64 78
38 64 84
41 64 80
43 64 79
45 64 78
46 64 81
49 64 81
50 64 80
51 64 83
52 64 80
53 64 78
54 64 84
55 64 86
56 64 82
58 64 73
59 64 79
60 64 81
62 64 71
63 64 75
67 64 78
69 64 64
70 64 76
71 64 76
72 64 76
73 64 78
75 64 78
5 65 74
6 65 57
7 65 65
10 65 84
11 65 79
14 65 80
15 65 66
18 65 84
19 65 71
21 65 66
22 65 79
25 65 68
26 65 71
27 65 71
28 65 72
29 65 75
30 65 63
32 65 74
33 65 69
35 65 69
37 65 70
38 65 78
39 65 73
41 65 72
43 65 72
44 65 67
45 65 70
46 65 74
48 65 71
49 65 74
50 65 73
51 65 77
52 65 73
53 65 71
54 65 77
55 65 80
56 65 76
58 65 64
59 65 72
61 65 76
62 65 63
63 65 67
66 65 75
67 65 70
69 65 54
70 65 68
71 65 68
72 65 68
73 65 70
75 65 71
77 65 63
78 65 64
84 65 69
87 65 56
90 65 54
7 66 67
8 66 77
10 66 85
11 66 80
17 66 72
18 66 85
22 66 80
24 66 68
26 66 73
27 66 73
28 66 73
29 66 77
30 66 65
31 66 63
32 66 76
33 66 71
35 66 71
36 66 64
37 66 72
38 66 79
39 66 74
40 66 70
41 66 74
43 66 73
44 66 69
45 66 72
46 66 76
48 66 73
49 66 76
50 66 75
51 66 78
52 66 74
53 66 72
54 66 79
55 66 81
56 66 77
57 66 49
58 66 66
60 66 75
61 66 77
62 66 64
65 66 59
67 66 71
68 66 82
69 66 56
70 66 70
71 66 70
72 66 70
73 66 72
91 66 62
3 67 42
5 67 58
7 67 47
9 67 75
10 67 71
11 67 64
14 67 66
17 67 54
18 67 71
19 67 53
21 67 48
22 67 64
25 67 50
26 67 54
27 67 54
28 67 55
29 67 59
30 67 45
32 67 58
33 67 52
34 67 51
36 67 44
37 67 53
38 67 63
39 67 56
40 67 51
41 67 55
42 67 46
43 67 55
44 67 50
45 67 53
46 67 58
48 67 54
49 67 58
50 67 57
51 67 61
52 67 56
53 67 53
54 67 62
55 67 65
56 67 60
58 67 46
60 67 57
61 67 60
62 67 44
64 67 11
65 67 39
66 67 59
68 67 67
69 67 36
70 67 50
71 67 50
72 67 50
73 67 53
75 67 54
78 67 46
82 67 35
83 67 18
84 67 51
85 67 50
86 67 26
87 67 38
88 67 47
89 67 44
90 67 36
91 67 42
2 68 24
3 68 27
4 68 30
5 68 40
7 68 31
8 68 42
9 68 60
10 68 55
11 68 47
13 68 21
14 68 49
15 68 32
17 68 36
18 68 55
19 68 36
21 68 31
22 68 47
25 68 33
26 68 37
27 68 37
28 68 38
29 68 42
30 68 29
31 68 27
32 68 40
33 68 35
34 68 34
35 68 35
36 68 28
37 68 36
38 68 45
39 68 39
40 68 34
41 68 38
42 68 30
43 68 38
44 68 33
45 68 36
46 68 41
47 68 13
48 68 37
49 68 41
50 68 39
51 68 44
52 68 38
53 68 36
54 68 45
55 68 48
56 68 42
57 68 17
58 68 29
59 68 38
60 68 40
61 68 43
62 68 28
63 68 32
65 68 24
66 68 42
67 68 35
69 68 22
70 68 33
71 68 33
72 68 33
73 68 36
75 68 37
77 68 29
78 68 29
81 68 14
82 68 21
83 68 10
84 68 34
85 68 33
86 68 15
87 68 23
88 68 31
89 68 28
90 68 22
91 68 27
95 68 6
6 69 60
8 69 78
10 69 86
11 69 81
14 69 82
18 69 86
21 69 69
22 69 81
24 69 70
26 69 74
27 69 74
28 69 75
29 69 78
30 69 67
32 69 77
33 69 72
35 69 72
37 69 73
38 69 80
41 69 75
43 69 75
45 69 73
46 69 77
48 69 74
49 69 77
50 69 76
51 69 79
52 69 75
53 69 73
54 69 80
55 69 82
56 69 78
58 69 67
59 69 75
60 69 76
61 69 78
63 69 69
66 69 78
67 69 73
68 69 83
70 69 71
71 69 71
72 69 71
73 69 73
75 69 74
89 69 65
2 70 40
3 70 44
5 70 59
6 70 40
7 70 49
8 70 61
10 70 72
11 70 65
14 70 67
15 70 50
17 70 55
18 70 72
19 70 55
21 70 49
22 70 65
24 70 50
25 70 51
26 70 56
27 70 55
28 70 56
29 70 61
30 70 47
31 70 44
32 70 59
33 70 53
34 70 52
35 70 53
36 70 45
37 70 55
38 70 64
39 70 57
40 70 52
41 70 57
42 70 48
43 70 56
44 70 51
45 70 54
46 70 59
48 70 55
49 70 59
50 70 58
51 70 62
52 70 57
53 70 55
54 70 63
55 70 67
56 70 61
57 70 31
58 70 47
59 70 57
60 70 58
61 70 62
62 70 46
63 70 50
66 70 60
67 70 54
68 70 69
69 70 37
71 70 52
72 70 52
73 70 55
75 70 55
77 70 46
78 70 47
85 70 51
87 70 39
88 70 49
89 70 45
90 70 37
91 70 44
2 71 40
3 71 44
5 71 59
6 71 40
7 71 48
8 71 60
10 71 72
11 71 65
15 71 49
17 71 55
18 71 72
19 71 55
21 71 49
22 71 65
24 71 50
25 71 51
26 71 56
27 71 55
28 71 56
29 71 61
30 71 47
31 71 44
32 71 59
33 71 53
34 71 52
35 71 53
36 71 45
37 71 54
38 71 64
39 71 57
40 71 52
41 71 57
42 71 47
43 71 56
44 71 51
45 71 54
46 71 59
48 71 55
49 71 59
50 71 58
51 71 62
52 71 57
53 71 55
54 71 63
55 71 67
56 71 61
57 71 31
58 71 47
59 71 57
60 71 58
61 71 61
62 71 46
63 71 50
66 71 60
67 71 54
68 71 69
69 71 37
70 71 52
72 71 52
73 71 54
75 71 55
77 71 46
78 71 47
84 71 53
85 71 51
87 71 39
88 71 48
89 71 45
91 71 44
95 71 11
2 72 39
3 72 42
5 72 58
6 72 38
7 72 47
8 72 59
10 72 71
11 72 64
14 72 66
15 72 48
17 72 53
18 72 71
19 72 53
21 72 47
22 72 64
24 72 49
25 72 50
26 72 54
27 72 54
28 72 55
29 72 59
30 72 45
31 72 42
32 72 58
33 72 52
34 72 51
35 72 51
36 72 44
37 72 53
38 72 62
39 72 56
40 72 51
41 72 55
42 72 46
43 72 55
44 72 49
45 72 52
46 72 58
48 72 54
49 72 58
50 72 56
51 72 61
52 72 55
53 72 53
54 72 62
55 72 65
56 72 59
57 72 30
58 72 45
59 72 55
60 72 57
61 72 60
62 72 44
63 72 48
66 72 59
67 72 52
68 72 67
69 72 36
70 72 50
71 72 50
73 72 53
75 72 53
77 72 45
78 72 45
84 72 51
85 72 49
87 72 38
88 72 47
89 72 43
91 72 42
95 72 11
2 73 32
3 73 35
5 73 50
6 73 32
7 73 40
8 73 52
9 73 69
10 73 64
11 73 56
14 73 59
15 73 41
17 73 46
18 73 65
19 73 46
21 73 40
22 73 57
24 73 41
25 73 42
26 73 47
27 73 46
28 73 47
29 73 52
30 73 38
31 73 35
32 73 50
33 73 44
34 73 43
35 73 44
36 73 36
37 73 45
38 73 55
39 73 48
40 73 43
41 73 48
42 73 39
43 73 47
44 73 42
45 73 45
46 73 50
47 73 18
48 73 46
49 73 50
50 73 49
51 73 54
52 73 48
53 73 46
54 73 55
55 73 58
56 73 52
57 73 24
58 73 38
59 73 48
60 73 49
61 73 53
62 73 37
63 73 41
64 73 8
65 73 32
66 73 51
67 73 45
68 73 60
69 73 29
70 73 43
71 73 43
72 73 43
75 73 46
77 73 38
78 73 38
81 73 19
82 73 29
83 73 14
84 73 44
85 73 42
86 73 20
87 73 31
88 73 40
89 73 36
90 73 29
91 73 35
95 73 8
3 74 0
22 74 0
23 74 0
26 74 0
27 74 0
36 74 0
38 74 0
47 74 0
57 74 0
63 74 0
68 74 0
95 74 0
3 75 44
5 75 59
6 75 40
7 75 49
8 75 61
10 75 72
11 75 65
14 75 67
15 75 50
17 75 55
18 75 72
19 75 55
20 75 52
21 75 49
22 75 65
24 75 50
25 75 51
26 75 56
27 75 55
28 75 56
29 75 61
30 75 47
31 75 44
32 75 59
33 75 53
34 75 52
35 75 53
36 75 45
37 75 54
38 75 64
39 75 57
40 75 52
41 75 57
42 75 47
43 75 56
44 75 51
45 75 54
46 75 59
47 75 24
48 75 55
49 75 59
50 75 58
51 75 62
52 75 57
53 75 55
54 75 63
55 75 67
56 75 61
57 75 31
58 75 47
59 75 57
60 75 58
61 75 61
62 75 46
63 75 50
65 75 40
66 75 60
67 75 54
68 75 69
69 75 37
70 75 52
71 75 52
72 75 52
73 75 54
77 75 46
78 75 47
87 75 39
88 75 48
89 75 45
90 75 37
95 75 11
3 76 36
5 76 51
6 76 32
7 76 41
8 76 53
9 76 70
10 76 65
11 76 57
13 76 29
14 76 60
15 76 41
17 76 47
18 76 65
19 76 47
21 76 41
22 76 58
24 76 42
25 76 43
26 76 47
27 76 47
28 76 48
29 76 53
30 76 39
31 76 36
32 76 51
33 76 45
34 76 44
35 76 45
36 76 37
37 76 46
38 76 56
39 76 49
40 76 44
41 76 49
42 76 39
43 76 48
44 76 43
45 76 46
46 76 51
47 76 19
48 76 47
49 76 51
50 76 50
51 76 55
52 76 49
53 76 47
54 76 56
55 76 59
56 76 53
57 76 24
58 76 39
59 76 48
60 76 50
61 76 54
62 76 38
63 76 42
65 76 32
66 76 52
67 76 46
68 76 61
69 76 30
70 76 44
71 76 44
72 76 44
73 76 46
75 76 47
77 76 38
78 76 39
82 76 29
84 76 45
85 76 43
87 76 32
88 76 41
89 76 37
91 76 36
95 76 8
2 77 41
3 77 45
5 77 60
6 77 41
7 77 49
9 77 77
10 77 73
11 77 66
13 77 37
14 77 68
15 77 50
16 77 66
17 77 56
18 77 73
19 77 56
21 77 50
22 77 66
24 77 51
25 77 52
26 77 57
27 77 56
28 77 57
29 77 62
30 77 47
31 77 45
32 77 60
33 77 54
34 77 53
35 77 54
36 77 46
37 77 55
38 77 65
39 77 58
40 77 53
41 77 58
42 77 48
43 77 57
44 77 52
45 77 55
46 77 60
47 77 25
48 77 56
49 77 60
50 77 59
51 77 63
52 77 58
53 77 56
54 77 64
55 77 68
56 77 62
58 77 48
59 77 57
60 77 59
61 77 62
62 77 47
63 77 51
65 77 41
66 77 61
67 77 55
68 77 69
69 77 38
70 77 53
71 77 53
72 77 53
73 77 55
75 77 56
78 77 48
84 77 54
85 77 52
86 77 27
87 77 40
88 77 49
89 77 46
90 77 38
95 77 12
2 78 39
3 78 42
5 78 57
7 78 47
8 78 59
9 78 75
10 78 71
11 78 63
14 78 66
15 78 48
16 78 64
17 78 53
18 78 71
19 78 53
20 78 50
21 78 47
22 78 64
23 78 78
24 78 49
25 78 50
26 78 54
27 78 53
28 78 55
29 78 59
30 78 45
31 78 42
32 78 57
33 78 52
34 78 50
35 78 51
36 78 44
37 78 53
38 78 62
39 78 56
40 78 50
41 78 55
42 78 46
43 78 54
44 78 49
45 78 52
46 78 58
47 78 23
48 78 54
49 78 58
50 78 56
51 78 61
52 78 55
53 78 53
54 78 62
55 78 65
56 78 59
58 78 45
59 78 55
60 78 57
61 78 60
62 78 44
63 78 48
65 78 38
66 78 59
67 78 52
68 78 67
69 78 35
70 78 50
71 78 50
72 78 50
73 78 53
75 78 53
77 78 45
84 78 51
85 78 49
86 78 25
87 78 38
88 78 47
89 78 43
90 78 36
95 78 11
3 79 42
5 79 57
7 79 47
8 79 59
9 79 75
10 79 71
11 79 63
14 79 66
15 79 48
16 79 64
17 79 53
18 79 71
19 79 53
21 79 47
22 79 64
24 79 48
25 79 50
26 79 54
27 79 53
28 79 54
29 79 59
30 79 45
31 79 42
32 79 57
33 79 51
34 79 50
35 79 51
36 79 43
37 79 53
38 79 62
39 79 55
40 79 50
41 79 55
42 79 46
43 79 54
44 79 49
45 79 52
46 79 58
47 79 23
48 79 53
49 79 58
50 79 56
51 79 61
52 79 55
53 79 53
54 79 62
55 79 65
56 79 59
57 79 29
58 79 45
59 79 55
60 79 57
61 79 60
62 79 44
63 79 48
66 79 59
67 79 52
68 79 67
69 79 35
70 79 50
71 79 50
72 79 50
73 79 53
75 79 53
77 79 45
78 79 45
84 79 51
85 79 49
86 79 25
87 79 38
88 79 47
89 79 43
90 79 35
95 79 10
3 80 44
5 80 59
6 80 40
7 80 49
8 80 61
10 80 72
11 80 65
15 80 50
17 80 55
18 80 73
19 80 55
21 80 49
22 80 66
24 80 50
25 80 52
26 80 56
27 80 55
28 80 56
29 80 61
30 80 47
32 80 59
33 80 53
34 80 52
35 80 53
36 80 45
37 80 55
38 80 64
39 80 57
40 80 52
41 80 57
42 80 48
43 80 56
44 80 51
45 80 54
46 80 60
48 80 55
49 80 60
50 80 58
51 80 63
52 80 57
53 80 55
54 80 63
55 80 67
56 80 61
57 80 31
58 80 47
59 80 57
60 80 59
61 80 62
62 80 46
63 80 50
66 80 61
67 80 54
68 80 69
70 80 52
71 80 52
72 80 52
73 80 55
75 80 55
77 80 47
78 80 47
85 80 51
87 80 39
88 80 49
89 80 45
90 80 37
91 80 44
95 80 11
2 81 40
3 81 43
5 81 58
7 81 48
8 81 60
9 81 75
10 81 72
11 81 64
15 81 49
17 81 54
18 81 72
19 81 54
21 81 48
22 81 65
24 81 50
25 81 51
26 81 55
27 81 55
28 81 56
29 81 60
30 81 46
33 81 53
34 81 52
35 81 52
36 81 45
37 81 54
38 81 63
39 81 57
41 81 56
43 81 55
45 81 53
46 81 59
48 81 55
49 81 59
50 81 57
51 81 62
52 81 56
53 81 54
54 81 63
55 81 66
56 81 60
57 81 30
58 81 46
59 81 56
60 81 58
61 81 61
62 81 45
63 81 49
66 81 60
67 81 53
68 81 68
69 81 36
70 81 51
71 81 51
72 81 51
73 81 54
75 81 54
77 81 46
78 81 46
82 81 36
84 81 52
85 81 50
86 81 26
88 81 48
91 81 43
95 81 11
2 82 31
3 82 34
5 82 49
7 82 38
8 82 50
9 82 68
10 82 63
11 82 55
14 82 58
15 82 39
17 82 45
18 82 63
19 82 44
22 82 55
24 82 40
25 82 41
26 82 45
27 82 45
29 82 50
30 82 36
32 82 49
33 82 43
34 82 42
35 82 43
36 82 35
37 82 44
38 82 54
39 82 47
40 82 42
41 82 46
42 82 37
43 82 46
44 82 41
45 82 44
46 82 49
47 82 17
48 82 45
49 82 49
50 82 48
51 82 52
52 82 47
53 82 44
54 82 53
55 82 57
56 82 51
57 82 23
58 82 37
59 82 46
60 82 48
61 82 51
62 82 36
63 82 40
66 82 50
67 82 43
68 82 59
69 82 28
75 82 45
77 82 36
78 82 37
81 82 18
83 82 13
84 82 42
85 82 41
86 82 19
87 82 30
88 82 38
91 82 34
95 82 8
2 83 32
3 83 35
5 83 50
7 83 39
8 83 51
9 83 68
10 83 64
13 83 28
14 83 59
15 83 40
17 83 46
18 83 64
19 83 45
21 83 40
22 83 56
24 83 41
25 83 42
26 83 46
27 83 46
29 83 51
30 83 37
31 83 35
32 83 50
33 83 44
34 83 43
35 83 44
36 83 36
37 83 45
38 83 55
39 83 48
40 83 43
41 83 47
42 83 38
43 83 47
44 83 42
45 83 45
46 83 50
47 83 18
48 83 46
49 83 50
50 83 49
51 83 53
52 83 48
53 83 45
54 83 54
55 83 58
56 83 52
57 83 23
58 83 38
59 83 47
60 83 49
61 83 52
62 83 37
63 83 41
65 83 31
66 83 51
67 83 44
68 83 60
69 83 29
70 83 42
71 83 42
72 83 42
73 83 45
75 83 46
77 83 37
78 83 38
81 83 19
82 83 28
84 83 43
85 83 42
86 83 20
87 83 31
88 83 39
90 83 29
91 83 35
95 83 8
2 84 25
3 84 28
5 84 42
7 84 32
8 84 44
9 84 61
10 84 57
11 84 48
14 84 51
15 84 33
17 84 38
18 84 57
19 84 38
21 84 33
22 84 49
24 84 34
25 84 35
26 84 39
27 84 38
28 84 39
29 84 44
30 84 30
31 84 28
32 84 42
33 84 36
34 84 35
35 84 36
36 84 29
37 84 37
38 84 47
39 84 40
40 84 35
41 84 40
42 84 31
43 84 39
44 84 34
45 84 37
46 84 42
47 84 14
48 84 38
49 84 42
50 84 41
51 84 45
52 84 40
53 84 38
54 84 46
55 84 50
56 84 44
57 84 18
58 84 31
59 84 40
60 84 41
61 84 44
62 84 30
63 84 33
65 84 25
66 84 43
67 84 37
68 84 52
73 84 37
75 84 38
77 84 30
78 84 31
81 84 15
82 84 22
83 84 10
85 84 34
86 84 15
87 84 25
88 84 32
89 84 29
90 84 23
91 84 28
95 84 6
2 85 31
3 85 34
4 85 38
5 85 49
7 85 38
8 85 50
9 85 67
10 85 63
11 85 55
13 85 27
14 85 58
15 85 39
17 85 45
18 85 63
19 85 44
21 85 39
22 85 55
24 85 40
25 85 41
26 85 45
27 85 45
28 85 46
29 85 50
30 85 36
31 85 34
32 85 49
33 85 43
34 85 42
35 85 43
36 85 35
37 85 44
38 85 54
39 85 47
40 85 42
41 85 46
42 85 37
43 85 46
44 85 41
45 85 44
46 85 49
47 85 17
48 85 45
49 85 49
50 85 48
51 85 52
52 85 47
53 85 44
54 85 53
55 85 57
56 85 51
57 85 23
58 85 37
59 85 46
60 85 48
61 85 51
62 85 36
63 85 40
66 85 50
67 85 43
68 85 59
69 85 28
70 85 41
71 85 41
72 85 41
73 85 44
75 85 45
77 85 36
78 85 37
82 85 27
83 85 13
84 85 42
86 85 19
87 85 30
88 85 38
89 85 35
90 85 28
91 85 34
95 85 8
2 86 29
3 86 32
5 86 47
7 86 36
8 86 48
9 86 66
10 86 61
11 86 53
14 86 55
15 86 37
17 86 42
18 86 61
19 86 42
21 86 37
22 86 53
24 86 38
25 86 39
26 86 43
27 86 43
28 86 44
29 86 48
30 86 34
31 86 32
32 86 47
33 86 41
34 86 40
35 86 40
36 86 33
37 86 42
38 86 52
39 86 45
40 86 40
41 86 44
42 86 35
43 86 44
44 86 39
45 86 42
46 86 47
47 86 16
48 86 43
49 86 47
50 86 45
51 86 50
52 86 44
53 86 42
54 86 51
55 86 55
56 86 48
57 86 21
59 86 44
60 86 46
61 86 49
62 86 34
63 86 38
65 86 29
66 86 48
67 86 41
68 86 57
69 86 26
70 86 39
71 86 39
72 86 39
73 86 42
75 86 42
77 86 34
78 86 35
81 86 17
82 86 26
83 86 12
84 86 40
85 86 39
87 86 28
88 86 36
89 86 33
90 86 26
91 86 32
95 86 7
2 87 48
5 87 66
6 87 47
7 87 56
8 87 67
10 87 78
11 87 71
14 87 73
15 87 57
17 87 62
18 87 78
19 87 62
21 87 56
22 87 72
24 87 58
25 87 59
26 87 63
27 87 62
28 87 63
29 87 67
30 87 54
32 87 66
33 87 60
34 87 59
35 87 60
36 87 53
37 87 62
38 87 70
39 87 64
41 87 64
42 87 55
43 87 63
44 87 58
45 87 61
46 87 66
47 87 30
48 87 62
49 87 66
50 87 65
51 87 69
52 87 64
53 87 62
54 87 70
55 87 73
56 87 68
57 87 38
59 87 64
60 87 65
61 87 68
62 87 53
63 87 57
65 87 47
66 87 67
67 87 61
68 87 75
70 87 59
71 87 59
72 87 59
73 87 62
75 87 62
77 87 54
78 87 54
82 87 44
84 87 60
85 87 58
88 87 56
89 87 52
90 87 44
95 87 14
3 88 49
5 88 64
6 88 45
7 88 53
8 88 65
10 88 76
11 88 69
14 88 72
15 88 54
17 88 60
18 88 76
19 88 60
21 88 54
22 88 70
24 88 55
25 88 56
26 88 60
27 88 60
28 88 61
29 88 65
30 88 51
31 88 49
32 88 64
33 88 58
34 88 57
35 88 58
36 88 50
37 88 59
38 88 68
39 88 62
40 88 57
41 88 61
42 88 52
43 88 61
44 88 56
45 88 59
46 88 64
48 88 60
49 88 64
50 88 63
51 88 67
52 88 62
53 88 60
54 88 68
55 88 71
56 88 65
57 88 35
59 88 61
60 88 63
61 88 66
62 88 51
63 88 55
66 88 65
67 88 59
68 88 73
70 88 57
71 88 57
72 88 57
73 88 59
75 88 60
77 88 51
78 88 52
85 88 56
87 88 44
89 88 50
90 88 42
95 88 13
2 89 36
3 89 39
5 89 55
6 89 36
7 89 44
8 89 56
9 89 73
10 89 69
11 89 61
13 89 32
14 89 63
15 89 45
17 89 51
18 89 69
19 89 50
21 89 45
22 89 61
24 89 46
25 89 47
26 89 51
27 89 51
28 89 52
29 89 56
30 89 42
31 89 40
32 89 55
33 89 49
34 89 48
35 89 49
36 89 41
37 89 50
38 89 60
39 89 53
40 89 48
41 89 52
42 89 43
43 89 52
44 89 47
45 89 50
46 89 55
47 89 21
48 89 51
49 89 55
50 89 54
51 89 58
52 89 53
53 89 50
54 89 59
55 89 63
56 89 56
58 89 43
59 89 52
60 89 54
61 89 57
62 89 41
63 89 45
66 89 56
67 89 49
68 89 65
69 89 33
70 89 47
71 89 47
72 89 47
73 89 50
75 89 51
77 89 42
78 89 42
81 89 22
82 89 32
84 89 48
85 89 47
87 89 35
88 89 44
91 89 39
95 89 10
2 90 42
3 90 46
5 90 61
7 90 51
8 90 63
9 90 77
10 90 74
11 90 67
14 90 69
17 90 57
18 90 74
19 90 57
21 90 51
22 90 67
24 90 52
25 90 54
26 90 58
27 90 57
28 90 58
29 90 63
30 90 49
32 90 61
33 90 55
34 90 54
35 90 55
36 90 47
37 90 57
38 90 66
40 90 54
41 90 59
43 90 58
44 90 53
45 90 56
46 90 61
48 90 57
49 90 61
50 90 60
51 90 64
52 90 59
53 90 57
54 90 65
55 90 69
56 90 63
58 90 49
59 90 59
60 90 60
61 90 63
62 90 48
63 90 52
65 90 42
66 90 62
67 90 56
68 90 70
70 90 54
71 90 54
72 90 54
73 90 57
75 90 57
77 90 49
78 90 49
84 90 55
86 90 28
87 90 41
88 90 51
91 90 46
95 90 12
2 91 35
5 91 53
7 91 42
8 91 55
9 91 71
10 91 67
11 91 59
14 91 62
15 91 43
17 91 49
18 91 67
19 91 49
21 91 43
22 91 60
24 91 44
25 91 45
26 91 50
27 91 49
28 91 50
29 91 55
30 91 41
31 91 38
32 91 53
33 91 47
34 91 46
35 91 47
36 91 39
37 91 48
38 91 58
39 91 51
40 91 46
41 91 51
42 91 41
43 91 50
44 91 45
45 91 48
46 91 53
47 91 20
48 91 49
49 91 53
50 91 52
51 91 56
52 91 51
53 91 49
54 91 58
55 91 61
56 91 55
57 91 26
58 91 41
59 91 50
60 91 52
61 91 56
62 91 40
63 91 44
65 91 34
66 91 54
68 91 63
70 91 46
71 91 46
72 91 46
73 91 48
75 91 49
77 91 40
78 91 41
84 91 47
85 91 45
86 91 22
88 91 42
89 91 39
90 91 32
95 91 9
2 92 1
3 92 1
5 92 2
7 92 1
8 92 2
9 92 4
10 92 4
11 92 3
13 92 1
14 92 3
15 92 1
17 92 2
18 92 4
19 92 2
22 92 3
23 92 5
25 92 1
26 92 2
27 92 2
28 92 2
29 92 2
30 92 1
31 92 1
32 92 2
33 92 2
34 92 2
35 92 2
36 92 1
38 92 2
39 92 2
40 92 2
41 92 2
42 92 1
45 92 2
47 92 0
49 92 2
50 92 2
51 92 2
52 92 2
54 92 2
55 92 3
56 92 2
57 92 1
58 92 1
59 92 2
60 92 2
61 92 2
62 92 1
63 92 1
65 92 1
66 92 2
67 92 2
68 92 3
69 92 1
70 92 2
71 92 2
72 92 2
73 92 2
75 92 2
77 92 1
81 92 0
84 92 2
85 92 1
86 92 1
87 92 1
88 92 1
89 92 1
90 92 1
91 92 1
94 92 1
95 92 0
5 93 4
8 93 5
9 93 9
17 93 4
22 93 6
36 93 3
41 93 4
52 93 4
57 93 1
60 93 4
68 93 6
73 93 4
81 93 1
85 93 3
95 93 0
2 94 1
3 94 1
5 94 2
6 94 1
7 94 2
8 94 3
9 94 5
10 94 4
11 94 3
13 94 1
14 94 3
15 94 2
17 94 2
18 94 4
19 94 2
20 94 2
21 94 2
22 94 3
24 94 2
25 94 2
26 94 2
28 94 2
29 94 3
30 94 1
31 94 1
32 94 2
33 94 2
34 94 2
35 94 2
36 94 1
37 94 2
38 94 3
39 94 2
40 94 2
41 94 2
42 94 2
43 94 2
44 94 2
46 94 2
47 94 1
48 94 2
49 94 2
50 94 2
51 94 3
52 94 2
53 94 2
54 94 3
55 94 3
56 94 3
57 94 1
58 94 1
59 94 2
60 94 2
61 94 3
62 94 1
63 94 2
64 94 0
65 94 1
66 94 3
67 94 2
68 94 4
69 94 1
70 94 2
71 94 2
72 94 2
73 94 2
75 94 2
77 94 1
78 94 1
81 94 1
82 94 1
83 94 0
84 94 2
85 94 2
86 94 1
87 94 1
88 94 2
89 94 1
90 94 1
91 94 1
92 94 2
95 94 0
1 95 79
2 95 71
3 95 74
4 95 77
5 95 84
6 95 71
7 95 77
8 95 85
9 95 92
10 95 90
11 95 87
12 95 60
13 95 67
14 95 88
15 95 78
16 95 87
17 95 82
18 95 90
19 95 81
20 95 80
21 95 78
22 95 87
23 95 93
24 95 79
25 95 79
26 95 82
27 95 82
28 95 82
29 95 85
30 95 76
31 95 74
32 95 84
33 95 81
34 95 80
35 95 80
36 95 75
37 95 81
38 95 87
39 95 83
40 95 80
41 95 83
42 95 77
43 95 82
44 95 79
45 95 81
46 95 84
47 95 53
48 95 82
49 95 84
50 95 83
51 95 86
52 95 83
53 95 81
54 95 86
55 95 88
56 95 85
57 95 62
58 95 76
59 95 83
60 95 84
61 95 85
62 95 75
63 95 78
64 95 32
65 95 71
66 95 85
67 95 81
68 95 89
69 95 68
70 95 79
71 95 80
72 95 79
73 95 81
