6 3 74
7 3 77
9 3 76
10 3 80
18 3 67
21 3 87
22 3 85
27 3 78
30 3 59
33 3 63
70 3 81
3 6 74
9 6 78
10 6 81
19 6 63
21 6 88
22 6 86
42 6 75
63 6 61
70 6 82
3 7 69
9 7 72
10 7 77
18 7 63
19 7 56
20 7 58
21 7 85
23 7 76
27 7 75
28 7 62
31 7 77
42 7 69
43 7 52
44 7 59
61 7 76
63 7 54
71 7 68
75 7 51
84 7 66
3 9 70
6 9 71
7 9 74
10 9 77
20 9 59
21 9 85
27 9 76
28 9 63
30 9 55
31 9 78
42 9 70
43 9 53
44 9 60
45 9 46
51 9 45
63 9 55
65 9 52
66 9 47
70 9 78
75 9 52
84 9 67
6 10 61
7 10 65
9 10 64
11 10 37
21 10 79
22 10 75
27 10 66
44 10 49
61 10 68
63 10 44
70 10 70
21 11 96
21 16 96
22 16 95
92 17 86
7 18 85
27 18 86
6 19 87
7 20 86
9 20 86
30 20 72
70 20 89
3 21 46
4 21 38
5 21 26
6 21 48
7 21 52
8 21 37
9 21 50
10 21 56
11 21 25
16 21 29
22 21 64
24 21 22
27 21 53
28 21 38
30 21 31
31 21 57
36 21 27
41 21 30
42 21 47
43 21 30
44 21 36
45 21 24
47 21 30
49 21 24
50 21 24
51 21 23
57 21 28
61 21 56
63 21 31
67 21 21
70 21 57
74 21 18
75 21 29
84 21 43
91 21 20
92 21 18
3 22 60
4 22 52
6 22 61
9 22 63
16 22 41
21 22 79
27 22 66
65 22 41
70 22 70
92 22 27
3 23 67
7 23 71
70 23 76
92 23 33
92 24 76
3 27 67
4 27 59
7 27 72
9 27 71
10 27 75
18 27 61
21 27 84
22 27 81
28 27 60
30 27 52
42 27 67
43 27 50
44 27 57
61 27 75
63 27 52
70 27 76
92 27 33
5 28 47
7 28 73
9 28 72
21 28 85
27 28 75
30 28 53
42 28 69
43 28 52
44 28 59
45 28 45
49 28 45
50 28 45
61 28 76
68 28 36
71 28 67
74 28 35
75 28 50
80 28 42
88 28 65
90 28 34
92 28 35
28 29 79
30 29 74
68 29 58
90 29 55
92 29 57
3 30 76
9 30 79
20 30 67
21 30 89
27 30 81
28 30 70
42 30 77
43 30 61
44 30 68
45 30 55
53 30 48
64 30 36
68 30 46
90 30 43
92 30 44
9 31 67
12 31 48
21 31 81
44 31 53
88 31 59
92 31 30
33 32 69
35 32 65
92 32 46
3 33 79
32 33 53
34 33 59
35 33 67
39 33 59
92 33 49
32 34 53
33 34 71
35 34 67
39 34 58
92 34 49
32 35 61
33 35 77
92 35 57
3 36 56
9 36 60
18 36 49
21 36 76
28 36 48
30 36 40
41 36 38
47 36 38
53 36 26
61 36 65
89 36 36
92 36 24
3 37 82
92 37 53
4 38 52
9 38 64
24 38 33
28 38 52
32 38 30
33 38 49
34 38 36
35 38 44
41 38 43
47 38 42
61 38 69
71 38 59
86 38 45
89 38 41
92 38 27
32 39 53
33 39 72
34 39 59
35 39 68
40 39 50
92 39 49
3 40 67
4 40 59
32 40 37
35 40 52
37 40 26
39 40 43
92 40 33
4 41 49
9 41 62
21 41 77
33 41 47
34 41 33
36 41 37
47 41 40
89 41 38
92 41 25
4 42 43
5 42 30
6 42 52
7 42 56
8 42 41
9 42 55
10 42 60
11 42 29
16 42 33
20 42 39
21 42 72
27 42 58
28 42 43
30 42 35
43 42 33
44 42 40
61 42 60
63 42 35
67 42 24
70 42 62
74 42 20
75 42 32
91 42 23
92 42 20
4 43 53
7 43 66
8 43 52
9 43 65
15 43 42
20 43 50
21 43 80
27 43 68
28 43 53
30 43 45
42 43 62
44 43 51
45 43 37
50 43 37
61 43 70
66 43 38
67 43 32
74 43 28
75 43 42
88 43 57
92 43 28
4 44 47
7 44 60
8 44 45
9 44 59
10 44 64
20 44 43
21 44 75
27 44 62
28 44 47
30 44 39
42 44 55
43 44 37
47 44 37
61 44 64
66 44 32
67 44 27
70 44 66
75 44 36
88 44 50
92 44 23
4 45 66
9 45 76
20 45 62
21 45 87
23 45 79
28 45 66
30 45 58
43 45 56
61 45 79
63 45 58
66 45 50
68 45 41
71 45 71
75 45 55
84 45 70
92 45 40
9 46 64
20 46 49
28 46 52
67 46 31
92 46 27
4 47 41
9 47 53
18 47 42
21 47 70
33 47 38
34 47 26
36 47 29
38 47 22
39 47 26
41 47 32
44 47 38
53 47 21
61 47 58
71 47 47
75 47 31
84 47 45
89 47 30
92 47 19
92 48 73
4 49 44
5 49 31
9 49 56
13 49 27
21 49 73
28 49 44
43 49 35
44 49 42
61 49 61
71 49 51
84 49 49
87 49 36
88 49 48
92 49 21
9 50 78
20 50 65
21 50 88
22 50 86
28 50 68
43 50 59
66 50 53
70 50 82
92 50 43
4 51 63
6 51 72
9 51 74
15 51 52
20 51 60
21 51 86
28 51 63
70 51 79
92 51 37
92 52 48
5 53 45
9 53 70
21 53 83
28 53 59
30 53 51
36 53 46
39 53 42
44 53 56
66 53 43
68 53 34
75 53 48
84 53 63
90 53 32
92 53 33
55 54 8
61 54 39
62 54 7
77 54 10
82 54 13
85 54 18
92 54 10
14 55 21
92 55 16
54 56 25
55 56 11
61 56 45
82 56 16
91 56 14
92 56 12
4 57 48
12 57 41
15 57 37
21 57 76
28 57 48
48 57 24
61 57 65
84 57 52
86 57 41
92 57 24
86 58 56
92 58 37
24 59 33
91 59 30
92 59 27
92 60 79
4 61 51
5 61 37
7 61 64
9 61 63
10 61 68
21 61 78
27 61 66
28 61 51
43 61 41
44 61 48
66 61 36
74 61 26
75 61 40
84 61 55
89 61 39
92 61 26
14 62 15
24 62 15
54 62 25
55 62 10
58 62 9
59 62 6
77 62 12
78 62 15
82 62 15
91 62 13
92 62 12
4 63 62
6 63 70
7 63 73
9 63 72
10 63 77
11 63 46
19 63 56
21 63 85
22 63 82
27 63 75
31 63 77
42 63 69
45 63 45
65 63 51
70 63 78
92 63 35
4 64 59
5 64 45
9 64 70
15 64 48
20 64 56
28 64 59
30 64 51
43 64 50
44 64 57
92 64 33
9 65 73
19 65 57
22 65 82
63 65 54
66 65 46
92 65 36
4 66 59
5 66 45
9 66 70
11 66 44
15 66 48
20 66 55
28 66 59
30 66 51
43 66 49
44 66 56
49 66 43
67 66 37
92 66 33
92 67 69
4 68 51
5 68 37
9 68 63
20 68 48
25 68 47
28 68 51
29 68 16
30 68 43
45 68 35
49 68 35
53 68 29
61 68 68
66 68 36
67 68 30
71 68 58
84 68 56
86 68 44
90 68 26
92 68 27
92 69 44
6 70 64
9 70 66
10 70 71
20 70 51
21 70 80
22 70 77
27 70 69
92 70 29
4 71 40
5 71 28
7 71 54
9 71 52
11 71 27
18 71 42
23 71 57
24 71 24
28 71 40
30 71 33
38 71 22
61 71 58
70 71 59
87 71 32
88 71 44
89 71 30
91 71 21
92 71 19
5 72 30
8 72 42
32 72 23
33 72 40
34 72 28
35 72 36
39 72 28
41 72 34
92 72 21
92 73 39
8 74 45
9 74 58
18 74 48
20 74 43
21 74 75
28 74 46
30 74 38
33 74 43
42 74 55
43 74 37
44 74 44
61 74 64
67 74 26
75 74 36
92 74 23
4 75 54
7 75 67
8 75 52
9 75 66
21 75 80
28 75 54
42 75 62
43 75 44
44 75 51
45 75 38
47 75 44
61 75 70
66 75 38
67 75 33
74 75 29
84 75 58
92 75 29
4 76 27
11 76 17
12 76 22
16 76 20
18 76 29
24 76 15
28 76 27
33 76 25
35 76 22
39 76 16
41 76 20
44 76 25
47 76 20
60 76 4
61 76 43
67 76 14
86 76 22
91 76 13
92 76 11
24 77 12
55 77 8
61 77 37
86 77 18
91 77 11
92 77 9
92 78 66
73 79 59
82 79 29
92 79 23
4 80 49
9 80 61
10 80 66
11 80 34
16 80 39
20 80 46
21 80 77
22 80 73
28 80 49
30 80 41
44 80 47
52 80 19
61 80 66
67 80 29
70 80 68
74 80 25
75 80 38
92 80 25
86 81 69
92 81 50
92 82 42
92 83 55
4 84 44
5 84 31
7 84 58
8 84 43
9 84 56
18 84 46
20 84 41
21 84 73
28 84 44
45 84 29
50 84 29
53 84 24
61 84 62
67 84 25
71 84 51
75 84 34
86 84 37
92 84 21
61 85 45
86 85 24
92 85 12
4 86 47
5 86 34
9 86 59
12 86 40
18 86 49
28 86 47
38 86 27
39 86 31
44 86 45
47 86 38
49 86 32
61 86 64
67 86 27
71 86 54
84 86 52
88 86 51
89 86 36
92 86 24
4 87 45
5 87 32
6 87 55
9 87 57
33 87 42
61 87 62
71 87 52
84 87 50
88 87 49
92 87 22
4 88 40
5 88 28
12 88 34
25 88 37
28 88 40
31 88 59
33 88 37
43 88 31
44 88 38
49 88 26
61 88 58
71 88 47
84 88 45
87 88 33
92 88 19
4 89 36
8 89 35
9 89 48
28 89 36
31 89 55
38 89 19
41 89 28
42 89 45
44 89 34
47 89 28
50 89 23
61 89 54
66 89 23
71 89 43
86 89 30
88 89 40
92 89 16
4 90 34
5 90 22
8 90 32
9 90 45
11 90 22
16 90 25
20 90 31
25 90 30
28 90 34
29 90 8
30 90 27
31 90 52
39 90 21
43 90 26
44 90 31
45 90 21
49 90 21
53 90 17
61 90 51
66 90 21
67 90 17
68 90 16
71 90 40
80 90 19
84 90 38
88 90 37
89 90 24
92 90 15
9 91 74
21 91 86
24 91 44
25 91 60
31 91 78
42 91 71
61 91 78
70 91 79
82 91 45
92 91 37
1 92 87
2 92 84
3 92 94
4 92 92
5 92 86
6 92 94
7 92 95
8 92 91
9 92 95
10 92 96
11 92 85
12 92 89
13 92 83
14 92 83
15 92 87
16 92 88
17 92 64
18 92 92
19 92 90
20 92 90
21 92 97
22 92 97
23 92 96
24 92 83
25 92 90
26 92 87

