3 1 84
11 1 86
14 1 90
16 1 87
22 1 80
1 2 46
3 2 60
5 2 62
6 2 58
7 2 72
10 2 56
11 2 63
14 2 72
15 2 60
16 2 66
17 2 60
19 2 64
20 2 62
21 2 63
22 2 53
1 3 36
2 3 42
4 3 52
5 3 52
6 3 48
7 3 63
8 3 39
9 3 41
10 3 45
11 3 53
13 3 58
14 3 63
15 3 50
16 3 57
17 3 50
18 3 48
19 3 54
20 3 51
21 3 53
22 3 43
1 4 41
3 4 56
5 4 58
6 4 53
7 4 68
8 4 44
9 4 46
10 4 51
11 4 59
13 4 64
14 4 68
16 4 62
17 4 56
18 4 53
19 4 59
20 4 57
21 4 58
22 4 48
1 5 42
2 5 49
3 5 57
4 5 59
6 5 55
7 5 69
8 5 45
9 5 47
10 5 52
11 5 60
13 5 65
14 5 69
15 5 57
16 5 63
17 5 57
18 5 54
19 5 61
20 5 58
21 5 59
22 5 50
23 5 50
1 6 44
2 6 51
3 6 58
4 6 60
5 6 61
7 6 70
8 6 47
9 6 49
10 6 54
11 6 61
13 6 66
14 6 71
15 6 59
16 6 65
17 6 59
18 6 56
19 6 62
20 6 60
21 6 61
22 6 51
23 6 51
1 7 40
2 7 47
3 7 55
4 7 57
5 7 57
6 7 53
9 7 46
10 7 50
11 7 58
13 7 63
14 7 68
16 7 61
17 7 55
18 7 52
19 7 59
20 7 56
21 7 58
22 7 48
23 7 48
1 8 51
2 8 58
3 8 66
4 8 67
5 8 68
6 8 64
7 8 76
9 8 57
10 8 61
11 8 68
13 8 73
14 8 77
15 8 66
16 8 71
17 8 66
18 8 63
19 8 69
20 8 67
21 8 68
22 8 59
1 9 44
3 9 58
4 9 60
5 9 61
6 9 56
7 9 70
8 9 47
10 9 54
11 9 61
13 9 66
14 9 71
15 9 58
16 9 65
17 9 58
18 9 56
19 9 62
20 9 60
21 9 61
22 9 51
23 9 51
1 10 39
2 10 46
3 10 54
4 10 56
5 10 56
6 10 52
7 10 67
8 10 43
9 10 45
11 10 57
13 10 62
14 10 67
15 10 54
16 10 61
17 10 54
18 10 52
19 10 58
20 10 55
21 10 57
22 10 47
23 10 47
1 11 33
2 11 39
3 11 47
4 11 49
5 11 50
6 11 45
7 11 60
8 11 36
9 11 38
10 11 43
13 11 56
14 11 61
15 11 47
16 11 54
17 11 47
18 11 45
19 11 51
20 11 49
21 11 50
22 11 40
23 11 40
1 13 30
3 13 43
4 13 45
5 13 46
7 13 57
8 13 33
9 13 35
10 13 39
11 13 47
14 13 57
15 13 44
16 13 50
17 13 44
18 13 41
19 13 47
20 13 45
21 13 46
22 13 37
23 13 37
1 14 25
2 14 31
3 14 38
4 14 40
5 14 40
6 14 36
7 14 51
8 14 28
9 14 30
10 14 34
11 14 41
13 14 46
15 14 38
16 14 44
17 14 38
18 14 36
19 14 42
20 14 39
21 14 40
22 14 31
23 14 31
2 15 49
3 15 57
4 15 59
5 15 60
6 15 55
7 15 70
9 15 48
10 15 53
11 15 61
13 15 65
14 15 70
16 15 64
17 15 58
18 15 55
19 15 61
20 15 59
21 15 60
22 15 50
23 15 50
1 16 25
2 16 31
3 16 38
4 16 40
5 16 40
6 16 36
7 16 51
8 16 28
9 16 29
10 16 34
11 16 41
13 16 46
14 16 51
15 16 38
17 16 38
18 16 35
19 16 42
20 16 39
21 16 40
22 16 31
23 16 31
1 17 35
3 17 50
4 17 52
5 17 52
6 17 48
7 17 63
8 17 38
9 17 40
10 17 45
11 17 53
13 17 58
14 17 63
15 17 50
16 17 56
18 17 47
19 17 54
20 17 51
21 17 52
22 17 43
23 17 43
1 18 37
3 18 52
4 18 54
5 18 54
6 18 50
7 18 65
8 18 41
9 18 43
10 18 47
11 18 55
13 18 60
14 18 65
15 18 52
16 18 59
17 18 52
19 18 56
20 18 53
21 18 55
22 18 45
23 18 45
1 19 32
2 19 38
3 19 46
4 19 48
5 19 48
7 19 59
8 19 35
9 19 36
10 19 41
11 19 49
13 19 54
14 19 59
15 19 46
16 19 52
17 19 46
18 19 43
20 19 47
21 19 48
22 19 39
23 19 39
1 20 37
2 20 43
3 20 51
4 20 53
5 20 53
6 20 49
7 20 64
8 20 40
9 20 42
10 20 46
11 20 54
13 20 59
14 20 64
15 20 51
16 20 58
17 20 51
18 20 48
19 20 55
21 20 54
22 20 44
1 21 32
2 21 38
3 21 46
4 21 48
5 21 48
6 21 44
7 21 59
8 21 35
9 21 37
10 21 41
11 21 49
13 21 54
14 21 59
15 21 46
16 21 53
17 21 46
18 21 43
19 21 50
20 21 47
22 21 39
23 21 39
1 22 41
2 22 47
3 22 55
4 22 57
5 22 58
6 22 53
7 22 68
8 22 44
9 22 46
10 22 51
11 22 58
13 22 63
14 22 68
15 22 55
16 22 62
17 22 55
18 22 53
19 22 59
20 22 57
21 22 58
23 22 48
5 23 59
6 23 55
7 23 69
9 23 47
10 23 52
11 23 60
13 23 65
14 23 69
15 23 57
16 23 63
17 23 57
18 23 54
19 23 61
20 23 58
21 23 59
22 23 50
1 24 2
2 24 3
3 24 4
4 24 4
5 24 4
6 24 3
7 24 6
8 24 2
9 24 3
10 24 3
11 24 4
13 24 5
14 24 6
15 24 4
16 24 5
17 24 4
18 24 3
19 24 4
20 24 4
21 24 4
22 24 3
23 24 3
25 24 0
1 25 77
2 25 82
3 25 86
4 25 87
5 25 87
6 25 85
7 25 91
8 25 80
9 25 81
10 25 84
11 25 88
12 25 81
13 25 90
14 25 91
15 25 86
16 25 89
17 25 86
18 25 85
19 25 88
20 25 87
21 25 87
22 25 82
23 25 82

