9 2 36
31 2 24
44 2 17
11 3 52
18 3 42
22 3 37
26 3 64
44 3 20
27 6 79
28 6 63
30 6 44
42 6 63
26 7 69
27 7 72
28 7 54
30 7 35
38 7 65
2 9 73
16 9 60
30 9 46
3 11 60
13 11 52
26 11 72
27 11 74
38 11 67
22 12 32
26 12 59
27 12 63
11 13 66
18 13 56
19 14 61
27 16 81
11 17 81
3 18 67
11 18 67
13 18 59
38 18 73
11 19 79
14 19 53
22 20 73
44 20 54
3 22 71
10 22 51
20 22 43
44 22 36
10 23 67
44 23 53
44 25 34
3 26 30
7 26 27
11 26 30
12 26 33
16 26 23
22 26 18
27 26 45
28 26 27
30 26 15
44 26 9
11 27 37
12 27 40
26 27 49
28 27 34
38 27 44
44 28 27
30 29 52
44 29 38
6 30 69
9 30 64
26 30 83
28 30 72
29 30 45
31 30 51
44 30 40
28 31 82
30 31 68
44 31 54
44 32 26
39 33 36
44 33 27
10 34 44
13 34 58
15 34 52
20 34 37
22 34 51
27 34 78
35 34 52
44 34 30
34 35 41
44 35 27
22 36 56
23 36 40
44 36 35
20 37 18
21 37 11
44 37 14
3 38 38
4 38 31
12 38 42
18 38 29
22 38 25
27 38 54
44 38 12
9 39 30
44 39 14
27 40 66
31 40 26
41 40 26
44 40 19
40 41 17
44 41 12
6 42 27
7 42 30
9 42 23
11 42 32
13 42 25
16 42 25
24 42 15
27 42 48
30 42 16
31 42 15
44 42 10
7 43 68
26 43 80
28 43 68
29 43 41
31 43 46
42 43 68
44 43 35
1 44 68
2 44 86
3 44 82
4 44 77
5 44 73
6 44 79
7 44 81
8 44 80
9 44 74
10 44 66
11 44 82
12 44 84
13 44 77
14 44 59
15 44 73
16 44 76
17 44 64
18 44 76
19 44 62
20 44 59
21 44 46
22 44 71
23 44 56
24 44 63
25 44 70
26 44 89
27 44 90
28 44 81
29 44 57
30 44 65
31 44 62
