6 2 73
28 4 74
28 5 73
28 6 63
28 7 72
6 8 74
18 8 79
28 8 58
10 9 79
15 9 79
28 9 74
9 10 76
15 10 77
28 10 72
6 11 84
9 11 76
28 11 73
2 12 83
6 12 81
7 12 73
9 12 71
15 12 73
18 12 85
28 12 67
28 13 73
28 14 70
9 15 73
10 15 74
12 15 78
18 15 86
28 15 69
6 16 72
12 16 68
28 16 57
28 17 71
6 18 69
8 18 68
12 18 64
15 18 59
28 18 52
2 19 39
3 19 37
4 19 26
5 19 30
6 19 35
8 19 34
9 19 24
10 19 26
11 19 25
12 19 30
13 19 24
14 19 27
15 19 26
16 19 37
17 19 29
18 19 42
22 19 22
23 19 31
24 19 39
25 19 38
26 19 43
28 19 21
28 20 52
8 21 66
9 21 55
10 21 56
12 21 62
28 21 50
2 22 85
3 22 84
7 22 76
9 22 74
12 22 80
28 22 71
10 23 67
12 23 72
28 23 61
2 24 38
3 24 37
4 24 26
5 24 30
6 24 34
8 24 34
10 24 25
12 24 30
13 24 23
14 24 27
15 24 26
16 24 36
17 24 28
18 24 41
19 24 35
22 24 22
23 24 31
25 24 37
26 24 43
28 24 21
2 25 39
3 25 37
4 25 26
5 25 31
6 25 35
8 25 34
9 25 25
10 25 26
12 25 30
14 25 27
15 25 26
16 25 37
17 25 29
18 25 42
19 25 35
22 25 22
23 25 31
24 25 40
26 25 44
28 25 21
2 26 39
3 26 37
4 26 26
5 26 31
6 26 35
8 26 34
9 26 25
10 26 26
12 26 31
14 26 28
15 26 26
16 26 37
17 26 29
18 26 42
19 26 35
22 26 22
23 26 31
24 26 40
25 26 38
28 26 21
2 27 39
3 27 38
4 27 27
5 27 31
6 27 36
8 27 35
10 27 26
12 27 31
14 27 28
15 27 27
16 27 38
17 27 29
18 27 43
19 27 36
22 27 23
23 27 32
24 27 40
25 27 38
26 27 44
28 27 22
1 28 83
2 28 87
3 28 87
4 28 79
5 28 83
6 28 85
7 28 80
8 28 85
9 28 78
10 28 79
11 28 79
12 28 83
13 28 77
14 28 81
15 28 80
16 28 87
17 28 82
18 28 89

