10 1 85
15 1 95
1 5 73
10 5 65
15 5 86
17 5 79
19 5 80
21 5 74
22 5 81
15 7 87
16 7 56
19 7 82
21 7 75
37 7 73
77 7 80
82 7 60
124 7 67
136 7 73
137 7 85
10 9 80
137 9 92
15 10 96
1 15 68
5 15 78
10 15 60
14 15 57
17 15 74
19 15 77
77 15 74
124 15 60
135 15 57
1 17 74
5 17 83
10 17 66
14 17 64
15 17 86
19 17 81
22 17 82
76 17 58
135 17 63
1 19 69
4 19 69
5 19 79
7 19 61
11 19 23
14 19 59
15 19 84
16 19 49
37 19 68
77 19 76
82 19 54
124 19 61
135 19 58
1 21 72
2 21 61
5 21 81
33 21 86
135 21 61
5 22 71
19 22 69
77 22 66
17 26 82
87 26 80
90 26 57
97 26 71
114 26 63
132 26 61
87 27 99
150 27 95
66 28 97
28 30 87
55 30 95
66 30 96
1 33 44
7 33 35
9 33 21
10 33 36
14 33 33
19 33 55
21 33 45
22 33 56
42 33 18
76 33 28
77 33 52
82 33 29
87 33 48
93 33 24
124 33 35
126 33 17
135 33 33
136 33 42
137 33 61
138 33 36
140 33 33
142 33 29
150 33 14
1 37 50
5 37 63
7 37 40
10 37 41
14 37 38
15 37 69
16 37 30
19 37 60
21 37 51
22 37 62
33 37 70
76 37 33
77 37 57
82 37 34
135 37 38
136 37 47
138 37 41
141 37 37
142 37 34
150 37 17
39 38 94
38 39 74
42 40 88
40 42 87
66 42 91
50 44 97
71 44 95
32 47 84
42 47 75
61 47 81
66 47 82
50 49 97
44 50 60
66 50 83
71 50 79
30 55 65
66 55 85
28 66 68
30 66 69
40 66 82
42 66 82
47 66 88
50 66 91
55 66 86
150 66 78
50 70 89
150 70 72
44 71 55
50 71 86
150 71 67
150 73 58
150 74 36
1 75 39
5 75 52
82 75 25
114 75 24
116 75 19
150 75 12
1 76 66
5 76 77
7 76 57
10 76 57
14 76 54
15 76 81
16 76 45
19 76 75
21 76 67
33 76 82
82 76 50
124 76 57
140 76 54
150 76 29
1 77 45
7 77 35
10 77 36
14 77 33
15 77 64
16 77 26
19 77 56
22 77 57
33 77 66
37 77 43
75 77 37
76 77 29
82 77 29
87 77 49
120 77 18
124 77 36
126 77 18
132 77 28
135 77 33
137 77 61
140 77 33
141 77 32
142 77 30
143 77 26
150 77 15
80 78 38
86 78 49
88 78 38
89 78 46
90 78 43
93 78 42
95 78 42
97 78 58
98 78 42
99 78 39
100 78 42
101 78 45
103 78 48
104 78 39
108 78 44
111 78 37
114 78 49
115 78 44
116 78 41
118 78 35
119 78 35
127 78 45
128 78 45
129 78 50
130 78 40
131 78 41
132 78 47
133 78 47
150 78 28
89 79 40
97 79 51
100 79 35
103 79 42
108 79 38
114 79 42
115 79 38
127 79 39
129 79 44
130 79 34
131 79 34
133 79 41
150 79 23
93 80 65
95 80 65
103 80 70
117 80 63
129 80 72
131 80 64
132 80 70
133 80 70
150 80 50
7 81 44
87 81 58
105 81 26
129 81 39
132 81 36
140 81 42
143 81 33
150 81 20
1 82 66
5 82 77
7 82 57
22 82 76
37 82 65
76 82 49
124 82 58
135 82 55
150 82 29
89 83 51
103 83 52
114 83 53
129 83 54
133 83 51
150 83 32
85 84 77
150 84 64
84 85 57
150 85 47
26 86 82
78 86 57
80 86 51
88 86 50
89 86 59
90 86 56
94 86 50
95 86 55
99 86 52
100 86 54
101 86 58
104 86 52
108 86 57
110 86 49
111 86 49
114 86 61
115 86 57
116 86 53
120 86 46
127 86 58
129 86 63
130 86 53
131 86 53
133 86 60
150 86 40
7 87 65
27 87 23
86 87 58
123 87 34
124 87 65
141 87 62
150 87 37
26 88 82
78 88 58
80 88 51
86 88 61
89 88 59
90 88 56
93 88 55
94 88 50
95 88 55
98 88 54
99 88 52
100 88 55
101 88 58
104 88 52
108 88 57
110 88 49
111 88 50
113 88 49
115 88 57
116 88 54
120 88 46
127 88 58
128 88 58
129 88 63
130 88 53
131 88 53
133 88 60
150 88 40
26 89 72
78 89 45
79 89 43
80 89 38
86 89 48
88 89 38
90 89 43
93 89 42
95 89 42
97 89 57
98 89 41
99 89 39
100 89 41
103 89 48
104 89 39
108 89 44
110 89 36
111 89 37
113 89 36
115 89 44
116 89 40
117 89 39
118 89 34
120 89 34
127 89 45
129 89 50
130 89 40
131 89 40
132 89 47
133 89 47
150 89 28
78 90 61
86 90 65
89 90 63
93 90 59
95 90 59
99 90 55
101 90 62
108 90 61
114 90 65
115 90 60
116 90 57
127 90 61
129 90 66
150 90 43
5 91 71
16 91 39
22 91 70
87 91 63
92 91 27
124 91 50
125 91 34
126 91 28
143 91 39
150 91 24
91 92 60
97 92 77
124 92 76
134 92 62
143 92 66
150 92 49
80 93 62
89 93 69
95 93 65
98 93 65
99 93 62
100 93 65
110 93 60
111 93 60
115 93 67
133 93 70
150 93 51
26 94 86
80 94 60
86 94 69
89 94 67
93 94 64
95 94 63
98 94 63
99 94 60
100 94 63
108 94 65
114 94 69
115 94 65
116 94 62
118 94 56
127 94 66
129 94 71
131 94 62
133 94 68
150 94 49
26 95 81
78 95 57
80 95 51
86 95 61
89 95 59
90 95 56
93 95 55
97 95 69
98 95 54
99 95 51
100 95 54
101 95 58
103 95 61
108 95 57
111 95 49
113 95 49
114 95 61
115 95 56
116 95 53
127 95 57
128 95 57
129 95 63
130 95 52
131 95 53
133 95 60
150 95 40
150 96 22
26 97 77
78 97 51
86 97 55
89 97 53
90 97 50
93 97 49
95 97 49
98 97 48
99 97 45
101 97 52
112 97 49
114 97 55
116 97 47
118 97 41
128 97 51
129 97 57
130 97 46
131 97 47
132 97 54
150 97 34
26 98 86
80 98 60
89 98 68
93 98 64
94 98 59
95 98 64
99 98 61
100 98 63
108 98 66
111 98 58
114 98 69
115 98 65
116 98 62
119 98 56
120 98 55
129 98 71
131 98 62
133 98 68
150 98 49
26 99 90
78 99 74
86 99 77
93 99 72
94 99 68
98 99 72
101 99 75
104 99 70
108 99 74
110 99 67
111 99 68
113 99 67
114 99 77
115 99 74
127 99 74
128 99 74
129 99 78
132 99 76
133 99 76
150 99 59
26 100 78
80 100 46
86 100 56
93 100 50
98 100 49
99 100 47
104 100 47
108 100 52
112 100 50
114 100 56
115 100 52
129 100 58
130 100 48
132 100 55
133 100 55
150 100 35
78 101 60
80 101 54
86 101 64
88 101 53
90 101 59
93 101 58
95 101 58
97 101 72
99 101 54
103 101 64
104 101 54
108 101 60
111 101 52
114 101 64
115 101 59
116 101 56
127 101 60
128 101 60
129 101 65
131 101 56
132 101 63
150 101 43
150 102 67
26 103 37
78 103 15
79 103 14
86 103 17
88 103 12
89 103 16
90 103 15
93 103 14
95 103 14
97 103 23
98 103 14
99 103 13
100 103 14
101 103 16
108 103 15
112 103 14
114 103 17
116 103 13
117 103 13
121 103 10
122 103 11
127 103 15
128 103 15
129 103 18
130 103 13
131 103 13
132 103 17
133 103 17
150 103 8
78 104 50
80 104 43
93 104 48
97 104 62
98 104 47
99 104 44
100 104 47
101 104 51
108 104 49
112 104 48
114 104 54
121 104 38
128 104 50
129 104 55
132 104 53
133 104 53
150 104 33
22 105 65
81 105 30
87 105 58
91 105 27
93 105 31
98 105 30
124 105 44
127 105 33
134 105 29
143 105 33
150 105 20
150 106 22
150 107 27
78 108 49
79 108 47
80 108 42
88 108 42
89 108 51
90 108 47
93 108 47
98 108 46
99 108 43
100 108 46
101 108 50
104 108 43
111 108 41
112 108 47
113 108 40
114 108 53
117 108 44
121 108 37
127 108 49
128 108 49
129 108 54
130 108 44
132 108 52
133 108 52
150 108 32
150 109 21
78 110 52
80 110 45
86 110 56
88 110 45
89 110 54
90 110 50
93 110 50
94 110 45
95 110 49
97 110 64
99 110 46
101 110 53
103 110 55
104 110 46
108 110 51
111 110 44
113 110 43
115 110 51
116 110 48
118 110 41
119 110 42
120 110 41
127 110 52
128 110 52
129 110 57
130 110 47
131 110 48
133 110 55
150 110 35
27 111 41
78 111 73
86 111 76
88 111 67
89 111 74
93 111 71
98 111 70
99 111 68
101 111 74
113 111 66
114 111 76
115 111 72
119 111 64
127 111 73
128 111 73
129 111 77
132 111 75
150 111 57
78 112 31
90 112 30
93 112 29
95 112 29
97 112 43
98 112 29
99 112 27
100 112 29
103 112 35
104 112 27
108 112 31
114 112 35
115 112 31
116 112 28
121 112 22
122 112 23
127 112 32
128 112 32
129 112 36
130 112 27
131 112 28
132 112 34
133 112 34
150 112 18
26 113 81
78 113 56
80 113 49
86 113 60
88 113 49
89 113 57
90 113 54
95 113 53
98 113 53
99 113 50
100 113 53
103 113 59
104 113 50
108 113 55
110 113 47
111 113 48
114 113 60
115 113 55
116 113 52
119 113 45
127 113 56
128 113 56
129 113 61
130 113 51
131 113 52
132 113 58
133 113 58
150 113 38
26 114 80
78 114 55
86 114 59
90 114 54
93 114 53
94 114 48
95 114 53
98 114 52
99 114 49
100 114 52
101 114 56
104 114 49
108 114 55
111 114 47
113 114 47
115 114 54
116 114 51
117 114 50
118 114 45
120 114 44
127 114 55
128 114 55
130 114 50
131 114 51
132 114 58
133 114 58
150 114 38
78 115 51
79 115 50
80 115 45
86 115 55
89 115 53
90 115 50
93 115 49
94 115 44
95 115 49
98 115 48
99 115 46
100 115 48
101 115 52
103 115 55
104 115 46
108 115 51
111 115 43
114 115 55
116 115 47
119 115 41
120 115 40
127 115 52
129 115 57
130 115 46
131 115 47
132 115 54
133 115 54
150 115 34
4 116 75
26 116 81
86 116 61
95 116 55
97 116 69
98 116 54
99 116 51
100 116 54
101 116 58
104 116 51
110 116 48
111 116 49
113 116 48
114 116 61
115 116 56
118 116 47
120 116 46
128 116 57
129 116 62
130 116 52
131 116 53
132 116 60
133 116 60
150 116 40
78 117 51
80 117 45
89 117 53
90 117 50
93 117 49
95 117 49
98 117 48
99 117 46
100 117 48
103 117 55
104 117 46
108 117 51
111 117 43
114 117 55
116 117 47
118 117 41
129 117 57
130 117 47
131 117 47
133 117 54
150 117 34
26 118 78
78 118 52
80 118 45
86 118 56
89 118 54
90 118 50
93 118 50
94 118 45
95 118 49
97 118 64
99 118 46
100 118 49
104 118 46
108 118 51
110 118 43
111 118 44
114 118 56
115 118 51
116 118 48
120 118 41
121 118 40
127 118 52
129 118 57
130 118 47
131 118 48
133 118 55
150 118 35
78 119 49
80 119 43
83 119 47
86 119 53
89 119 51
90 119 48
94 119 42
95 119 47
97 119 62
99 119 43
100 119 46
101 119 50
103 119 53
104 119 43
108 119 49
110 119 40
111 119 41
113 119 40
114 119 53
115 119 48
116 119 45
122 119 39
127 119 49
128 119 49
129 119 55
130 119 44
131 119 45
133 119 52
150 119 32
88 120 61
89 120 69
93 120 66
99 120 62
111 120 60
115 120 67
116 120 64
128 120 68
129 120 72
130 120 63
131 120 64
150 120 51
89 121 45
90 121 42
97 121 56
99 121 38
100 121 40
103 121 47
104 121 38
108 121 43
110 121 35
112 121 41
118 121 33
130 121 39
131 121 39
150 121 27
78 122 32
80 122 27
83 122 30
89 122 34
90 122 31
94 122 26
99 122 27
100 122 29
103 122 35
104 122 27
108 122 32
112 122 30
115 122 31
116 122 29
127 122 32
129 122 37
130 122 28
133 122 34
150 122 19
4 123 54
7 123 44
77 123 61
82 123 37
87 123 58
101 123 34
124 123 45
129 123 39
137 123 70
140 123 42
141 123 41
143 123 33
144 123 40
150 123 20
7 124 35
14 124 33
15 124 64
16 124 26
82 124 29
87 124 49
91 124 21
92 124 17
125 124 22
126 124 18
129 124 30
134 124 22
137 124 61
141 124 32
142 124 30
143 124 26
150 124 15
15 125 72
86 125 37
91 125 27
92 125 22
124 125 44
126 125 23
127 125 33
128 125 33
137 125 69
140 125 42
143 125 33
144 125 40
150 125 20
4 126 42
5 126 55
7 126 33
16 126 23
21 126 43
22 126 54
76 126 26
77 126 49
81 126 21
87 126 46
89 126 25
91 126 19
92 126 15
115 126 23
120 126 16
124 126 33
125 126 20
129 126 28
131 126 21
135 126 31
137 126 59
138 126 34
141 126 30
143 126 23
144 126 29
150 126 13
15 127 64
26 127 53
27 127 8
78 127 26
79 127 24
80 127 21
83 127 24
86 127 29
88 127 20
89 127 27
90 127 24
93 127 24
94 127 20
95 127 24
97 127 36
98 127 23
99 127 21
100 127 23
101 127 26
103 127 28
104 127 21
108 127 25
110 127 19
111 127 20
112 127 24
113 127 19
114 127 29
115 127 25
116 127 22
119 127 18
120 127 18
128 127 26
129 127 30
130 127 22
131 127 22
132 127 28
133 127 28
150 127 14
78 128 45
80 128 39
86 128 49
88 128 38
89 128 47
90 128 43
93 128 43
94 128 38
95 128 42
97 128 58
98 128 42
99 128 39
100 128 42
103 128 48
104 128 39
108 128 44
111 128 37
113 128 37
114 128 49
116 128 41
118 128 35
119 128 35
120 128 34
127 128 45
129 128 50
130 128 40
131 128 41
132 128 48
133 128 48
150 128 29
26 129 79
78 129 53
80 129 46
86 129 57
88 129 46
89 129 55
90 129 52
93 129 51
95 129 50
97 129 65
98 129 50
99 129 47
100 129 50
101 129 54
103 129 57
104 129 47
108 129 53
110 129 44
111 129 45
113 129 44
115 129 52
116 129 49
117 129 48
120 129 42
127 129 53
128 129 53
130 129 48
131 129 49
132 129 56
133 129 56
150 129 36
26 130 81
78 130 56
89 130 58
93 130 54
95 130 53
98 130 53
99 130 50
100 130 53
103 130 59
104 130 50
108 130 55
114 130 60
115 130 55
116 130 52
117 130 51
118 130 45
120 130 45
121 130 44
127 130 56
128 130 56
129 130 61
131 130 52
134 130 51
150 130 38
4 131 68
27 131 19
78 131 48
80 131 42
86 131 52
87 131 72
88 131 41
89 131 50
90 131 47
92 131 35
93 131 46
95 131 46
98 131 45
99 131 42
100 131 45
101 131 49
104 131 43
108 131 48
110 131 40
111 131 40
113 131 40
114 131 52
115 131 47
116 131 44
117 131 43
118 131 38
120 131 37
121 131 37
127 131 49
128 131 49
129 131 54
130 131 43
132 131 51
133 131 51
150 131 31
10 132 40
26 132 57
78 132 29
79 132 28
80 132 24
83 132 27
86 132 33
88 132 24
89 132 31
90 132 28
93 132 27
94 132 24
95 132 27
98 132 27
99 132 25
100 132 27
101 132 30
103 132 32
104 132 25
108 132 29
110 132 22
111 132 23
113 132 23
114 132 33
115 132 28
116 132 26
118 132 21
120 132 21
127 132 29
128 132 29
129 132 34
130 132 25
131 132 26
133 132 31
137 132 65
150 132 17
26 133 51
78 133 24
79 133 23
80 133 20
86 133 27
87 133 47
88 133 19
89 133 25
90 133 23
93 133 22
94 133 19
95 133 22
97 133 35
98 133 22
99 133 20
100 133 22
101 133 25
104 133 20
108 133 24
110 133 18
112 133 23
113 133 18
114 133 27
115 133 24
116 133 21
117 133 21
118 133 17
121 133 17
122 133 17
127 133 24
128 133 24
129 133 28
130 133 21
131 133 21
132 133 26
134 133 21
150 133 14
16 134 26
21 134 47
26 134 54
76 134 29
77 134 53
87 134 50
91 134 21
92 134 17
105 134 20
114 134 30
124 134 37
126 134 18
129 134 31
131 134 23
135 134 34
137 134 62
138 134 37
140 134 34
143 134 26
144 134 33
150 134 15
4 135 57
5 135 69
7 135 47
10 135 48
15 135 75
16 135 36
17 135 65
19 135 67
33 135 76
37 135 55
77 135 64
82 135 40
101 135 37
129 135 42
136 135 54
137 135 72
141 135 44
142 135 41
144 135 43
150 135 22
4 136 57
7 136 47
10 136 48
22 136 68
33 136 76
37 136 55
76 136 39
77 136 64
82 136 40
135 136 45
137 136 72
141 136 44
142 136 40
150 136 22
1 137 45
7 137 36
9 137 22
10 137 37
19 137 56
21 137 46
22 137 57
29 137 34
33 137 66
76 137 29
77 137 53
82 137 30
124 137 36
135 137 34
136 137 43
138 137 37
140 137 34
142 137 30
150 137 15
87 138 60
137 138 71
140 138 44
150 138 21
77 139 38
94 139 13
95 139 15
98 139 15
127 139 16
128 139 16
150 139 9
9 140 22
17 140 53
19 140 56
77 140 53
87 140 50
137 140 62
138 140 37
144 140 32
150 140 15
4 141 46
7 141 37
10 141 38
14 141 35
22 141 59
29 141 36
33 141 68
37 141 45
76 141 30
77 141 54
82 141 31
87 141 51
97 141 39
124 141 38
135 141 35
136 141 44
137 141 63
142 141 31
150 141 16
1 142 50
7 142 41
10 142 42
14 142 39
16 142 30
22 142 62
37 142 49
76 142 34
77 142 58
82 142 34
87 142 54
101 142 31
124 142 41
135 142 38
136 142 48
137 142 67
138 142 42
141 142 37
150 142 18
5 143 61
14 143 36
21 143 49
77 143 55
78 143 28
87 143 52
89 143 30
91 143 23
92 143 19
124 143 39
125 143 24
126 143 20
129 143 33
131 143 25
132 143 30
134 143 25
137 143 64
138 143 39
140 143 36
144 143 35
150 143 16
15 144 74
77 144 63
87 144 60
124 144 47
133 144 38
135 144 44
137 144 71
138 144 47
140 144 44
150 144 21
61 145 11
75 145 19
124 145 18
150 145 6
23 146 8
101 146 9
129 146 11
137 146 31
150 146 5
19 147 39
77 147 36
135 147 21
137 147 45
143 147 15
150 147 8
44 148 27
50 148 64
150 148 37
50 149 74
150 149 49
1 150 96
2 150 93
3 150 96
4 150 96
5 150 98
6 150 95
7 150 94
8 150 96
9 150 89
10 150 94
11 150 76
12 150 92
13 150 93
14 150 94
15 150 98
16 150 91
17 150 97
18 150 94
19 150 97
20 150 79
21 150 96
22 150 97
23 150 90
24 150 91
25 150 91
26 150 97
27 150 72
28 150 76
29 150 94
30 150 76
31 150 87
32 150 92
33 150 98
34 150 92
35 150 94
36 150 88
37 150 96
38 150 89
39 150 94
40 150 86
41 150 93
42 150 87
43 150 93
44 150 75
45 150 93
46 150 94
47 150 91
48 150 94
49 150 85
50 150 94
51 150 94
52 150 82
53 150 95
54 150 92
55 150 90
56 150 81
57 150 91
58 150 91
59 150 89
60 150 91
61 150 90
62 150 93
63 150 91
64 150 94
65 150 94
66 150 91
67 150 93
68 150 93
69 150 91
70 150 77
71 150 89
72 150 93
