5 2 83
6 2 79
7 2 78
10 2 80
20 2 79
2 4 56
5 4 68
6 4 62
7 4 61
8 4 55
9 4 60
10 4 65
11 4 69
12 4 60
13 4 63
14 4 67
15 4 59
16 4 64
17 4 62
18 4 58
19 4 59
20 4 62
27 4 25
2 5 45
3 5 32
4 5 51
6 5 52
7 5 51
8 5 44
9 5 49
10 5 54
11 5 60
12 5 49
13 5 53
14 5 57
15 5 48
16 5 54
17 5 51
18 5 47
19 5 49
20 5 52
2 6 52
4 6 59
5 6 65
7 6 58
8 6 51
10 6 61
11 6 67
12 6 57
14 6 64
15 6 56
16 6 61
17 6 59
18 6 55
19 6 56
20 6 59
27 6 23
2 7 51
3 7 38
4 7 58
5 7 65
6 7 58
9 7 56
10 7 61
11 7 66
12 7 56
13 7 59
14 7 63
15 7 55
16 7 60
17 7 58
18 7 54
19 7 55
20 7 58
27 7 22
2 8 60
4 8 66
5 8 72
6 8 66
10 8 68
11 8 73
12 8 64
13 8 67
14 8 70
15 8 63
16 8 68
18 8 62
4 9 66
5 9 72
10 9 68
13 9 67
14 9 70
20 9 66
2 10 53
4 10 59
5 10 66
6 10 60
7 10 59
8 10 52
9 10 57
11 10 67
12 10 57
13 10 61
14 10 64
15 10 56
16 10 62
17 10 59
18 10 55
20 10 60
2 11 49
3 11 36
4 11 55
5 11 62
6 11 56
7 11 55
8 11 48
10 11 58
12 11 53
14 11 60
15 11 52
16 11 58
17 11 55
18 11 51
19 11 53
20 11 56
2 12 52
4 12 59
5 12 66
6 12 59
7 12 58
8 12 52
10 12 62
11 12 67
13 12 60
14 12 64
15 12 56
16 12 61
17 12 59
18 12 55
19 12 56
20 12 59
2 13 58
4 13 65
5 13 71
6 13 65
7 13 64
8 13 58
9 13 62
10 13 67
11 13 72
12 13 63
15 13 62
16 13 67
18 13 61
19 13 62
20 13 65
2 14 48
3 14 35
4 14 54
5 14 62
6 14 55
7 14 54
8 14 47
9 14 52
10 14 57
11 14 63
12 14 52
13 14 56
15 14 51
16 14 57
17 14 54
18 14 50
19 14 52
20 14 55
4 15 64
5 15 71
6 15 65
7 15 64
10 15 67
11 15 72
12 15 63
13 15 66
14 15 69
16 15 67
17 15 65
18 15 61
19 15 62
20 15 65
2 16 47
4 16 54
5 16 61
6 16 54
7 16 53
9 16 52
10 16 57
11 16 62
12 16 52
13 16 55
14 16 59
15 16 51
17 16 54
18 16 50
19 16 51
20 16 54
27 16 20
2 17 50
4 17 56
5 17 63
6 17 57
7 17 56
8 17 49
10 17 59
11 17 65
12 17 55
13 17 58
14 17 62
15 17 53
16 17 59
18 17 53
19 17 54
20 17 57
27 17 21
2 18 52
4 18 59
5 18 65
6 18 59
7 18 58
8 18 51
10 18 61
11 18 66
12 18 57
13 18 60
14 18 64
15 18 55
16 18 61
17 18 59
19 18 56
20 18 59
27 18 23
2 19 52
4 19 59
5 19 66
6 19 59
7 19 58
9 19 56
10 19 61
11 19 67
12 19 57
13 19 60
14 19 64
15 19 56
16 19 61
17 19 59
18 19 55
20 19 59
27 19 23
2 20 45
4 20 52
5 20 59
6 20 52
7 20 51
8 20 44
9 20 49
10 20 55
11 20 60
12 20 50
13 20 53
14 20 57
15 20 48
16 20 54
17 20 52
18 20 48
19 20 49
27 20 18
4 21 7
5 21 9
7 21 7
9 21 6
11 21 10
14 21 9
15 21 6
18 21 6
19 21 6
20 21 7
22 21 5
26 21 5
27 21 2
2 22 36
5 22 50
7 22 42
9 22 40
10 22 45
11 22 51
12 22 41
14 22 48
15 22 39
26 22 33
27 22 13
2 23 45
4 23 51
5 23 59
6 23 52
7 23 51
8 23 44
10 23 54
11 23 60
12 23 49
13 23 53
14 23 57
15 23 48
16 23 54
17 23 51
18 23 47
19 23 49
20 23 52
25 23 20
26 23 41
27 23 18
5 24 5
7 24 4
14 24 5
27 24 1
2 25 38
4 25 44
5 25 51
6 25 44
7 25 43
9 25 42
10 25 47
11 25 52
12 25 42
13 25 45
14 25 49
15 25 41
16 25 46
17 25 44
18 25 40
19 25 41
20 25 44
22 25 37
26 25 34
27 25 14
2 26 12
4 26 15
5 26 19
6 26 15
7 26 15
8 26 12
9 26 14
10 26 16
11 26 20
12 26 14
13 26 16
14 26 18
15 26 13
16 26 16
17 26 15
18 26 13
19 26 14
20 26 15
21 26 13
22 26 11
23 26 3
25 26 4
27 26 4
1 27 93
2 27 81
3 27 72
4 27 85
5 27 88
6 27 85
7 27 85
8 27 81
9 27 84
10 27 87
11 27 89
12 27 84
13 27 86
14 27 88
15 27 83
