6 2 86
7 2 89
14 2 87
25 2 86
2 3 66
4 3 80
5 3 73
7 3 80
10 3 75
11 3 74
12 3 60
13 3 74
14 3 77
15 3 69
16 3 74
17 3 75
18 3 66
19 3 70
22 3 56
23 3 71
24 3 78
25 3 75
26 3 68
28 3 60
29 3 71
35 3 73
40 3 73
44 3 58
50 3 74
65 3 47
2 4 62
5 4 69
7 4 77
10 4 71
12 4 55
14 4 74
15 4 65
16 4 71
17 4 72
18 4 62
19 4 66
24 4 75
25 4 72
26 4 64
35 4 69
39 4 64
40 4 69
50 4 71
2 5 52
3 5 43
4 5 68
6 5 62
7 5 68
9 5 57
10 5 62
11 5 61
13 5 61
14 5 64
15 5 55
16 5 61
17 5 62
18 5 51
19 5 56
20 5 43
21 5 55
22 5 40
23 5 56
24 5 66
25 5 62
26 5 53
28 5 45
29 5 57
34 5 73
35 5 60
38 5 47
39 5 54
40 5 59
44 5 43
45 5 64
46 5 58
47 5 44
50 5 61
53 5 53
54 5 52
65 5 32
2 6 60
4 6 75
5 6 68
7 6 75
9 6 66
10 6 70
11 6 69
13 6 68
14 6 72
15 6 63
16 6 69
17 6 70
19 6 64
23 6 65
24 6 73
25 6 70
35 6 68
46 6 66
50 6 69
2 7 52
4 7 68
5 7 60
6 7 62
9 7 58
10 7 62
11 7 61
13 7 61
14 7 65
15 7 55
16 7 61
17 7 62
18 7 52
19 7 56
22 7 41
23 7 57
24 7 66
25 7 63
26 7 53
27 7 49
29 7 57
35 7 60
39 7 54
40 7 59
46 7 58
50 7 61
2 9 58
4 9 73
5 9 65
6 9 68
7 9 73
10 9 68
11 9 67
13 9 66
14 9 70
15 9 61
16 9 67
17 9 68
18 9 58
19 9 62
20 9 49
23 9 62
24 9 71
25 9 68
26 9 59
27 9 55
29 9 63
35 9 65
39 9 60
40 9 65
43 9 45
44 9 49
46 9 64
47 9 50
50 9 67
2 10 63
4 10 77
5 10 70
6 10 72
7 10 78
9 10 69
11 10 72
13 10 71
14 10 74
15 10 66
16 10 72
17 10 73
19 10 67
21 10 67
23 10 68
24 10 76
25 10 73
26 10 65
29 10 68
35 10 70
39 10 65
46 10 69
50 10 72
2 11 54
4 11 70
5 11 62
6 11 64
7 11 70
8 11 46
9 11 60
10 11 64
13 11 63
14 11 66
15 11 57
16 11 63
17 11 64
18 11 54
19 11 58
21 11 57
22 11 43
23 11 59
24 11 68
25 11 64
26 11 55
27 11 51
28 11 47
29 11 59
35 11 62
39 11 56
40 11 61
44 11 45
46 11 60
47 11 46
50 11 63
65 11 34
2 12 65
3 12 57
4 12 79
5 12 72
7 12 79
10 12 74
11 12 73
13 12 73
14 12 76
15 12 68
16 12 73
17 12 74
18 12 65
19 12 69
22 12 54
23 12 69
24 12 77
25 12 74
26 12 66
28 12 59
29 12 70
35 12 72
40 12 71
44 12 56
46 12 71
50 12 73
4 13 78
5 13 71
6 13 73
7 13 78
10 13 73
11 13 72
14 13 75
15 13 67
16 13 72
17 13 73
19 13 68
24 13 76
25 13 73
29 13 68
35 13 71
39 13 65
40 13 70
46 13 69
50 13 72
2 14 52
3 14 43
4 14 68
5 14 60
6 14 62
7 14 68
9 14 58
10 14 62
11 14 61
13 14 61
15 14 55
16 14 61
17 14 62
18 14 51
19 14 56
20 14 43
21 14 55
22 14 40
23 14 57
24 14 66
25 14 62
26 14 53
27 14 49
28 14 45
29 14 57
34 14 73
35 14 60
39 14 54
40 14 59
44 14 43
46 14 58
47 14 44
50 14 61
65 14 32
2 15 64
4 15 78
5 15 71
6 15 73
7 15 78
8 15 56
9 15 69
10 15 73
11 15 73
12 15 57
13 15 72
14 15 75
16 15 72
17 15 73
19 15 68
20 15 56
22 15 53
23 15 68
24 15 77
25 15 74
26 15 65
28 15 58
29 15 69
35 15 71
39 15 66
40 15 71
44 15 55
46 15 70
50 15 73
53 15 66
65 15 45
2 16 56
3 16 47
4 16 72
5 16 64
6 16 66
7 16 72
9 16 62
10 16 66
11 16 65
12 16 49
13 16 65
14 16 68
15 16 59
17 16 66
19 16 60
20 16 47
22 16 44
23 16 61
24 16 70
25 16 66
27 16 53
28 16 49
29 16 61
35 16 64
39 16 58
40 16 63
43 16 43
44 16 47
46 16 62
50 16 65
65 16 36
2 17 54
3 17 45
4 17 70
5 17 62
6 17 64
7 17 70
9 17 59
10 17 64
11 17 63
12 17 46
13 17 62
14 17 66
15 17 57
16 17 63
18 17 53
19 17 58
21 17 57
23 17 58
24 17 68
25 17 64
26 17 55
27 17 51
28 17 47
29 17 59
35 17 61
38 17 49
39 17 56
40 17 61
44 17 44
46 17 60
47 17 46
50 17 63
2 18 66
4 18 79
5 18 72
7 18 79
10 18 74
11 18 74
13 18 73
14 18 76
15 18 68
17 18 75
19 18 70
23 18 70
24 18 78
25 18 75
29 18 70
35 18 72
39 18 67
40 18 72
47 18 58
50 18 74
2 19 64
3 19 56
4 19 78
5 19 71
6 19 73
7 19 78
10 19 73
11 19 73
13 19 72
14 19 75
15 19 67
16 19 72
17 19 73
18 19 64
23 19 69
24 19 77
25 19 74
28 19 58
35 19 71
40 19 71
46 19 70
50 19 73
4 20 92
14 20 91
15 20 87
10 21 84
25 21 84
4 22 86
7 22 86
10 22 83
14 22 84
20 22 69
23 22 79
24 22 85
25 22 83
29 22 79
40 22 81
50 22 82
4 23 78
5 23 71
6 23 73
7 23 78
9 23 69
10 23 73
11 23 72
12 23 57
13 23 72
14 23 75
15 23 67
16 23 72
17 23 73
18 23 64
19 23 68
20 23 56
21 23 67
22 23 53
24 23 76
25 23 73
26 23 65
27 23 61
28 23 58
29 23 68
35 23 71
38 23 60
39 23 66
40 23 70
46 23 70
50 23 72
54 23 64
65 23 44
2 24 51
3 24 42
4 24 67
5 24 59
6 24 61
7 24 68
9 24 57
10 24 61
11 24 61
12 24 44
13 24 60
14 24 64
15 24 54
16 24 60
17 24 62
18 24 51
19 24 56
20 24 43
21 24 55
22 24 40
23 24 56
25 24 62
26 24 52
27 24 48
28 24 44
29 24 56
35 24 59
39 24 53
40 24 58
44 24 42
46 24 58
47 24 43
50 24 61
53 24 53
65 24 32
2 25 58
3 25 49
4 25 73
5 25 65
6 25 67
7 25 73
9 25 63
10 25 67
11 25 67
12 25 51
13 25 66
14 25 70
15 25 61
16 25 66
17 25 68
18 25 57
19 25 62
21 25 61
22 25 46
23 25 62
24 25 71
26 25 59
28 25 51
29 25 63
35 25 65
39 25 59
40 25 65
44 25 49
46 25 64
47 25 50
50 25 67
65 25 38
2 26 59
3 26 50
4 26 74
5 26 66
6 26 68
7 26 74
9 26 64
10 26 68
11 26 68
12 26 52
13 26 67
14 26 71
15 26 62
16 26 67
17 26 69
19 26 63
20 26 50
21 26 62
22 26 47
23 26 63
24 26 72
25 26 69
28 26 52
29 26 64
35 26 66
39 26 61
40 26 66
44 26 50
46 26 65
47 26 51
50 26 68
65 26 39
4 27 80
7 27 80
9 27 71
11 27 74
13 27 74
14 27 77
16 27 74
17 27 75
18 27 66
35 27 73
46 27 72
50 27 74
2 28 66
3 28 57
4 28 79
5 28 72
7 28 79
10 28 74
11 28 74
12 28 59
13 28 73
14 28 76
15 28 68
16 28 74
17 28 75
19 28 70
20 28 58
23 28 70
24 28 78
25 28 75
26 28 67
27 28 63
35 28 72
40 28 72
44 28 57
50 28 74
53 28 67
65 28 46
4 29 73
5 29 65
6 29 67
7 29 73
9 29 63
10 29 67
11 29 67
13 29 66
14 29 70
15 29 61
16 29 66
17 29 68
18 29 57
19 29 62
20 29 49
21 29 61
23 29 62
24 29 71
25 29 68
26 29 59
27 29 54
35 29 65
38 29 53
39 29 59
40 29 65
44 29 48
46 29 64
50 29 67
65 29 38
3 30 37
9 30 51
10 30 56
11 30 55
15 30 49
17 30 56
26 30 47
55 30 42
65 30 27
4 31 18
6 31 14
7 31 18
9 31 12
10 31 14
14 31 16
15 31 11
29 31 12
41 31 7
45 31 15
48 31 14
49 31 13
50 31 14
52 31 2
55 31 9
57 31 12
62 31 16
63 31 12
64 31 10
65 31 5
5 32 74
7 32 80
18 32 67
24 32 79
26 32 69
55 32 64
65 32 48
2 33 18
4 33 31
5 33 24
6 33 25
7 33 31
9 33 22
10 33 26
14 33 28
17 33 26
19 33 21
24 33 29
26 33 19
28 33 15
29 33 22
39 33 20
40 33 23
42 33 25
46 33 23
55 33 16
59 33 13
65 33 9
4 34 50
6 34 43
7 34 50
13 34 42
17 34 43
25 34 44
26 34 35
42 34 42
52 34 10
53 34 35
55 34 30
65 34 18
2 35 60
3 35 51
4 35 75
5 35 68
6 35 70
7 35 75
9 35 66
10 35 70
11 35 69
12 35 53
13 35 68
14 35 72
15 35 63
16 35 69
17 35 70
18 35 60
19 35 64
23 35 65
24 35 73
25 35 70
26 35 61
27 35 57
28 35 54
29 35 65
39 35 62
40 35 67
44 35 51
46 35 66
47 35 53
50 35 69
65 35 40
10 36 36
21 36 30
37 36 15
61 36 25
64 36 27
65 36 14
6 37 58
36 37 52
65 37 29
4 38 77
6 38 72
7 38 77
9 38 68
11 38 71
13 38 70
14 38 74
15 38 65
17 38 72
19 38 66
24 38 75
26 38 64
29 38 67
40 38 69
46 38 68
47 38 55
55 38 59
65 38 43
2 39 57
4 39 73
5 39 65
6 39 67
7 39 73
9 39 63
10 39 67
11 39 67
13 39 66
14 39 70
15 39 61
16 39 66
17 39 67
18 39 57
19 39 62
21 39 61
22 39 46
23 39 62
24 39 71
25 39 68
26 39 59
27 39 54
29 39 62
35 39 65
40 39 64
44 39 48
46 39 64
47 39 50
50 39 67
65 39 38
2 40 56
3 40 47
4 40 72
5 40 64
6 40 66
7 40 72
9 40 62
10 40 66
11 40 65
12 40 49
13 40 65
14 40 68
15 40 59
16 40 65
17 40 66
18 40 56
19 40 60
22 40 45
23 40 61
24 40 70
25 40 66
26 40 57
28 40 49
29 40 61
35 40 64
39 40 58
43 40 44
44 40 47
46 40 62
47 40 48
50 40 65
65 40 36
3 41 40
4 41 66
5 41 57
6 41 59
7 41 66
9 41 55
10 41 59
11 41 59
12 41 42
13 41 58
14 41 62
15 41 52
16 41 58
17 41 59
19 41 53
23 41 54
24 41 64
25 41 60
26 41 50
28 41 42
29 41 54
35 41 57
39 41 51
40 41 56
43 41 37
44 41 40
46 41 55
50 41 59
51 41 24
53 41 50
55 41 45
56 41 48
57 41 55
61 41 46
62 41 63
65 41 30
5 42 31
6 42 33
7 42 40
10 42 34
13 42 32
14 42 36
16 42 33
17 42 34
19 42 28
23 42 29
24 42 38
26 42 26
27 42 23
28 42 20
29 42 29
33 42 36
34 42 46
44 42 19
46 42 30
51 42 10
53 42 26
55 42 22
65 42 13
2 43 55
4 43 71
5 43 63
7 43 71
9 43 61
10 43 65
11 43 65
12 43 48
13 43 64
14 43 68
15 43 58
16 43 64
17 43 65
18 43 55
23 43 60
24 43 69
25 43 66
26 43 57
27 43 52
29 43 60
35 43 63
39 43 57
40 43 62
44 43 46
46 43 62
47 43 48
50 43 65
51 43 29
65 43 36
2 44 60
3 44 51
4 44 75
5 44 67
6 44 69
7 44 75
9 44 65
10 44 69
11 44 69
12 44 53
13 44 68
14 44 72
15 44 63
16 44 68
17 44 70
18 44 60
19 44 64
20 44 51
23 44 64
24 44 73
25 44 70
26 44 61
27 44 57
28 44 53
29 44 65
35 44 67
39 44 62
40 44 67
46 44 66
47 44 52
50 44 69
65 44 40
4 45 56
5 45 47
6 45 50
7 45 56
9 45 45
10 45 50
11 45 49
13 45 48
21 45 43
23 45 44
24 45 54
26 45 41
32 45 39
65 45 23
2 46 52
3 46 43
4 46 68
5 46 60
6 46 62
7 46 68
9 46 58
10 46 62
11 46 61
12 46 45
13 46 61
14 46 65
15 46 55
16 46 61
17 46 62
18 46 52
19 46 56
20 46 43
21 46 55
22 46 41
23 46 57
24 46 66
25 46 63
26 46 53
27 46 49
28 46 45
29 46 57
35 46 60
39 46 54
40 46 59
44 46 43
47 46 44
50 46 61
65 46 33
2 47 54
3 47 45
4 47 70
5 47 62
6 47 64
7 47 70
9 47 60
10 47 64
11 47 64
12 47 47
13 47 63
14 47 67
15 47 57
16 47 63
17 47 64
18 47 54
19 47 59
20 47 46
22 47 43
23 47 59
24 47 68
25 47 65
26 47 56
27 47 51
28 47 48
29 47 59
35 47 62
38 47 50
39 47 56
40 47 61
43 47 42
44 47 45
46 47 61
50 47 64
65 47 35
4 48 49
7 48 49
11 48 42
26 48 34
27 48 30
29 48 37
31 48 35
40 48 39
49 48 39
50 48 42
53 48 34
57 48 38
62 48 47
63 48 37
65 48 18
6 49 31
10 49 31
21 49 25
27 49 20
29 49 26
31 49 24
36 49 26
41 49 17
46 49 27
48 49 30
53 49 24
57 49 27
62 49 34
63 49 26
65 49 12
2 50 56
3 50 48
4 50 72
5 50 64
6 50 66
7 50 72
9 50 62
10 50 66
11 50 66
12 50 49
13 50 65
14 50 69
15 50 60
16 50 65
17 50 67
18 50 56
19 50 61
20 50 48
22 50 45
23 50 61
24 50 70
25 50 67
26 50 58
27 50 53
28 50 50
29 50 61
35 50 64
39 50 58
40 50 64
44 50 47
46 50 63
47 50 49
65 50 37
2 51 44
3 51 36
4 51 62
5 51 53
6 51 55
7 51 62
9 51 50
10 51 55
11 51 54
12 51 38
13 51 54
14 51 58
15 51 48
16 51 54
17 51 55
18 51 44
19 51 49
20 51 36
23 51 49
24 51 59
25 51 56
26 51 46
27 51 41
28 51 38
29 51 50
32 51 44
34 51 67
35 51 53
39 51 46
40 51 52
41 51 36
42 51 54
43 51 33
44 51 36
46 51 51
47 51 37
50 51 54
53 51 46
55 51 41
65 51 27
2 52 52
3 52 43
4 52 68
5 52 60
6 52 62
7 52 68
9 52 57
10 52 62
11 52 61
12 52 45
13 52 61
14 52 64
15 52 55
16 52 61
17 52 62
18 52 51
19 52 56
23 52 56
24 52 66
25 52 62
26 52 53
27 52 49
28 52 45
32 52 51
34 52 73
35 52 60
39 52 54
40 52 59
42 52 61
44 52 43
46 52 58
47 52 44
50 52 61
51 52 26
53 52 53
55 52 48
65 52 32
2 53 49
3 53 40
4 53 66
5 53 57
6 53 59
7 53 66
9 53 55
10 53 59
11 53 59
12 53 42
13 53 58
14 53 62
15 53 52
16 53 58
17 53 59
18 53 49
19 53 53
21 53 53
23 53 54
24 53 64
25 53 60
26 53 50
27 53 46
28 53 42
29 53 54
34 53 71
35 53 57
39 53 51
40 53 56
42 53 58
43 53 37
46 53 55
47 53 41
50 53 59
51 53 24
52 53 18
55 53 45
65 53 30
2 54 41
5 54 49
6 54 51
7 54 58
9 54 46
10 54 51
13 54 50
14 54 54
16 54 50
19 54 45
20 54 33
21 54 44
23 54 45
24 54 56
25 54 52
26 54 42
27 54 38
50 54 50
65 54 24
2 55 16
3 55 12
4 55 28
5 55 21
6 55 23
7 55 28
8 55 12
9 55 20
10 55 23
11 55 22
12 55 13
13 55 22
14 55 25
15 55 18
16 55 22
17 55 23
18 55 16
19 55 19
20 55 12
21 55 18
22 55 11
23 55 19
24 55 26
25 55 23
26 55 17
27 55 15
28 55 13
29 55 19
32 55 16
33 55 25
34 55 33
35 55 21
38 55 14
39 55 17
40 55 21
41 55 12
42 55 22
43 55 11
44 55 12
46 55 20
47 55 12
48 55 22
50 55 22
51 55 6
52 55 4
53 55 17
57 55 20
58 55 18
60 55 16
61 55 15
62 55 26
65 55 8
4 56 60
6 56 54
7 56 60
9 56 49
11 56 53
14 56 56
15 56 46
17 56 54
23 56 48
25 56 54
26 56 45
28 56 37
39 56 45
40 56 51
41 56 35
46 56 50
50 56 53
53 56 45
57 56 49
62 56 58
65 56 25
4 57 39
6 57 33
7 57 39
9 57 29
11 57 32
13 57 32
14 57 35
15 57 27
16 57 32
17 57 33
19 57 28
23 57 28
25 57 33
26 57 25
28 57 20
39 57 26
41 57 18
46 57 29
50 57 32
55 57 22
62 57 37
65 57 13
4 58 15
6 58 12
7 58 15
9 58 10
10 58 12
13 58 11
14 58 13
15 58 9
16 58 11
19 58 10
21 58 9
23 58 10
24 58 14
26 58 9
27 58 7
29 58 10
32 58 8
33 58 13
34 58 18
36 58 10
39 58 9
40 58 11
42 58 11
45 58 13
46 58 10
48 58 11
53 58 9
55 58 7
56 58 8
57 58 10
62 58 14
65 58 4
4 59 31
5 59 24
6 59 26
7 59 31
8 59 14
10 59 26
11 59 25
13 59 25
14 59 28
15 59 21
16 59 25
17 59 26
21 59 21
24 59 30
26 59 20
27 59 17
29 59 22
31 59 20
35 59 24
36 59 22
39 59 20
40 59 24
41 59 14
43 59 12
46 59 23
53 59 20
57 59 23
62 59 29
63 59 22
65 59 9
2 60 12
3 60 9
4 60 22
6 60 17
7 60 22
9 60 15
10 60 17
12 60 9
13 60 17
14 60 19
15 60 14
16 60 17
17 60 18
18 60 12
19 60 14
23 60 14
24 60 20
25 60 18
26 60 13
29 60 15
30 60 9
35 60 16
39 60 13
40 60 16
41 60 9
44 60 9
46 60 15
47 60 9
48 60 17
49 60 15
50 60 17
51 60 4
55 60 11
57 60 15
62 60 20
63 60 14
64 60 13
65 60 6
3 61 14
4 61 31
6 61 25
7 61 31
9 61 22
10 61 25
11 61 25
12 61 14
13 61 24
14 61 28
15 61 20
16 61 25
17 61 26
19 61 21
23 61 21
24 61 29
25 61 26
26 61 19
28 61 15
29 61 22
35 61 24
36 61 21
40 61 23
41 61 13
46 61 23
48 61 25
49 61 23
50 61 25
55 61 16
57 61 22
62 61 29
63 61 21
64 61 19
65 61 9
6 62 51
13 62 49
21 62 44
41 62 32
48 62 50
49 62 47
57 62 46
65 62 23
4 63 27
10 63 22
21 63 18
24 63 25
29 63 18
31 63 17
36 63 18
41 63 11
48 63 21
49 63 19
57 63 19
59 63 11
60 63 16
61 63 14
62 63 25
64 63 16
65 63 8
4 64 17
6 64 14
7 64 17
9 64 12
10 64 14
11 64 13
13 64 13
14 64 15
15 64 11
16 64 13
17 64 14
18 64 9
19 64 11
20 64 7
21 64 11
23 64 11
24 64 16
26 64 10
29 64 11
30 64 7
31 64 10
35 64 13
36 64 11
37 64 5
41 64 7
44 64 7
45 64 15
46 64 12
48 64 13
49 64 12
50 64 13
56 64 9
57 64 12
60 64 9
61 64 9
62 64 16
63 64 11
65 64 4
1 65 82
2 65 80
3 65 74
4 65 89
5 65 85
6 65 86
7 65 89
8 65 74
9 65 84
10 65 86
11 65 86
12 65 75
13 65 85
14 65 87
15 65 82
16 65 85
17 65 86
18 65 80
19 65 83
20 65 74
21 65 82
22 65 72
23 65 83
24 65 88
25 65 86
26 65 81
27 65 78
28 65 76
29 65 83
