6 2 76
9 2 87
11 2 85
13 2 72
14 2 48
6 3 30
9 3 48
10 3 38
11 3 43
12 3 31
14 3 11
6 4 74
8 4 69
9 4 85
11 4 83
13 4 69
14 4 45
13 5 62
14 5 38
4 6 45
8 6 60
9 6 80
11 6 77
13 6 60
14 6 35
6 7 66
8 7 61
9 7 81
14 7 37
6 8 61
7 8 42
9 8 77
11 8 74
13 8 56
14 8 32
1 9 39
2 9 18
4 9 24
6 9 41
7 9 24
8 9 36
10 9 49
11 9 55
12 9 43
13 9 36
14 9 17
1 10 32
6 10 34
8 10 29
9 10 52
11 10 48
12 10 36
14 10 13
1 11 42
4 11 26
6 11 44
7 11 27
8 11 39
9 11 63
10 11 53
12 11 46
13 11 39
14 11 19
1 12 33
6 12 35
9 12 53
10 12 43
11 12 49
14 12 14
4 13 49
5 13 72
6 13 69
8 13 63
11 13 80
14 13 39
1 14 97

