2 1 55
3 1 60
5 1 53
8 1 51
9 1 51
10 1 63
13 1 60
14 1 66
16 1 74
18 1 45
21 1 53
36 1 46
40 1 53
41 1 53
48 1 47
3 2 73
4 2 73
14 2 78
17 2 61
21 2 68
23 2 59
2 3 63
4 3 67
14 3 73
36 3 54
2 4 59
3 4 64
10 4 66
14 4 70
15 4 65
16 4 77
19 4 49
21 4 57
24 4 46
26 4 52
40 4 57
48 4 50
8 7 68
10 7 78
11 7 82
12 7 70
14 7 80
15 7 76
16 7 85
48 7 64
1 8 69
2 8 61
4 8 66
9 8 58
10 8 69
12 8 60
13 8 66
14 8 72
15 8 67
16 8 78
28 8 51
34 8 46
35 8 49
36 8 52
39 8 58
40 8 59
48 8 53
2 9 53
3 9 58
4 9 58
5 9 51
8 9 49
10 9 61
11 9 67
12 9 51
14 9 65
15 9 59
16 9 72
23 9 42
27 9 78
28 9 43
29 9 43
33 9 45
34 9 38
36 9 44
40 9 51
42 9 50
43 9 38
44 9 52
48 9 45
1 10 59
2 10 51
3 10 56
4 10 56
7 10 36
8 10 47
9 10 47
11 10 65
12 10 49
13 10 56
14 10 63
15 10 57
16 10 70
18 10 41
32 10 45
33 10 43
36 10 42
40 10 49
43 10 36
44 10 50
48 10 43
10 11 58
14 11 62
15 11 56
16 11 69
29 11 40
42 11 47
44 11 48
3 12 59
4 12 58
5 12 52
7 12 38
8 12 50
9 12 50
10 12 61
13 12 59
14 12 65
15 12 60
16 12 73
22 12 37
36 12 44
39 12 50
40 12 51
48 12 45
3 13 60
4 13 60
5 13 53
8 13 51
10 13 63
12 13 53
14 13 66
15 13 61
16 13 74
19 13 46
33 13 47
39 13 52
40 13 53
48 13 47
2 14 55
3 14 60
4 14 60
8 14 51
9 14 52
10 14 63
11 14 69
12 14 53
13 14 60
15 14 61
16 14 74
24 14 42
26 14 48
33 14 47
48 14 47
4 15 60
5 15 54
7 15 40
8 15 52
10 15 63
12 15 54
13 15 61
14 15 67
16 15 74
28 15 45
35 15 43
48 15 47
1 16 51
2 16 43
3 16 48
4 16 47
5 16 41
7 16 28
8 16 39
9 16 39
10 16 51
11 16 57
13 16 48
14 16 55
15 16 49
23 16 33
26 16 36
27 16 69
28 16 33
29 16 33
32 16 37
33 16 35
34 16 29
35 16 31
36 16 34
40 16 40
41 16 41
42 16 40
43 16 29
44 16 41
48 16 35
10 17 79
18 17 65
36 17 65
48 17 66
1 18 69
3 18 67
4 18 67
10 18 69
14 18 73
26 18 55
29 18 52
36 18 53
48 18 54
2 19 70
3 19 74
4 19 73
14 19 79
15 19 74
36 19 61
48 19 62
2 20 65
3 20 70
4 20 70
5 20 64
14 20 75
48 20 57
1 21 72
2 21 65
3 21 70
4 21 69
5 21 64
14 21 75
40 21 63
48 21 57
2 22 71
3 22 74
4 22 74
5 22 69
14 22 79
48 22 63
2 23 58
3 23 62
4 23 62
9 23 54
13 23 62
14 23 69
15 23 63
16 23 76
24 23 44
26 23 51
34 23 42
39 23 54
40 23 55
42 23 54
48 23 49
2 24 67
3 24 71
4 24 71
5 24 65
14 24 76
19 24 58
23 24 56
48 24 59
4 25 78
5 25 73
32 25 70
48 25 67
3 26 63
4 26 63
5 26 57
10 26 66
14 26 70
16 26 76
18 26 49
19 26 49
21 26 57
23 26 48
36 26 49
40 26 56
48 26 50
1 27 31
3 27 28
5 27 23
9 27 22
10 27 31
12 27 23
13 27 28
14 27 34
15 27 29
16 27 43
18 27 18
26 27 20
29 27 18
30 27 42
32 27 21
34 27 15
35 27 16
40 27 23
41 27 23
44 27 24
48 27 19
4 28 77
14 28 82
15 28 78
48 28 67
2 29 71
3 29 75
4 29 75
10 29 77
14 29 80
16 29 85
48 29 63
8 30 28
12 30 30
13 30 36
15 30 37
16 30 51
27 30 58
28 30 23
29 30 23
32 30 27
37 30 45
44 30 30
48 30 25
1 31 30
10 31 30
12 31 22
13 31 27
16 31 41
27 31 48
33 31 18
42 31 21
44 31 22
48 31 18
2 32 55
3 32 60
4 32 60
5 32 53
8 32 51
9 32 51
10 32 63
11 32 69
12 32 53
13 32 60
14 32 66
15 32 61
16 32 74
29 32 45
33 32 47
34 32 40
42 32 52
43 32 40
44 32 54
48 32 46
8 33 55
9 33 55
10 33 66
11 33 72
12 33 57
13 33 63
14 33 69
15 33 64
16 33 76
28 33 48
29 33 48
39 33 55
40 33 56
41 33 56
48 33 50
2 34 61
3 34 65
4 34 65
5 34 59
8 34 57
9 34 57
14 34 71
16 34 78
23 34 50
28 34 51
35 34 48
40 34 59
44 34 60
48 34 52
1 35 73
5 35 65
8 35 63
10 35 73
12 35 65
14 35 76
15 35 71
16 35 82
48 35 58
2 36 57
3 36 61
4 36 61
8 36 53
10 36 64
11 36 70
12 36 55
14 36 68
16 36 75
28 36 46
39 36 53
40 36 54
44 36 55
48 36 48
3 37 52
8 37 43
10 37 55
12 37 46
13 37 52
14 37 59
15 37 53
16 37 67
28 37 37
30 37 67
48 37 39
11 38 82
48 38 65
3 39 65
4 39 64
10 39 67
12 39 58
13 39 65
14 39 71
15 39 66
16 39 77
40 39 58
48 39 51
2 40 54
3 40 58
4 40 58
5 40 52
7 40 38
8 40 49
9 40 50
10 40 61
11 40 67
12 40 52
13 40 58
14 40 65
15 40 59
16 40 72
18 40 44
21 40 51
22 40 36
23 40 43
26 40 46
29 40 43
32 40 48
33 40 45
34 40 38
35 40 41
39 40 50
41 40 51
44 40 52
48 40 45
1 41 50
3 41 47
5 41 40
8 41 38
10 41 50
12 41 40
13 41 47
15 41 48
16 41 62
18 41 33
35 41 30
39 41 39
40 41 40
42 41 39
48 41 34
2 42 53
3 42 58
4 42 58
5 42 52
8 42 49
9 42 50
10 42 61
11 42 67
12 42 52
13 42 58
14 42 65
15 42 59
16 42 72
23 42 43
26 42 46
28 42 43
29 42 43
33 42 45
34 42 38
35 42 40
36 42 44
40 42 51
41 42 51
44 42 52
48 42 45
5 43 55
9 43 54
10 43 65
11 43 71
12 43 56
13 43 62
14 43 68
15 43 63
16 43 75
27 43 80
29 43 47
32 43 52
33 43 49
42 43 54
44 43 56
48 43 49
2 44 46
3 44 51
4 44 50
5 44 44
8 44 42
9 44 42
10 44 54
11 44 60
12 44 44
13 44 51
14 44 58
15 44 52
16 44 66
18 44 36
19 44 36
20 44 21
22 44 30
24 44 33
26 44 39
28 44 36
29 44 36
31 44 68
32 44 40
33 44 38
34 44 31
35 44 33
36 44 37
39 44 42
40 44 43
41 44 44
42 44 43
43 44 31
48 44 37
1 45 5
9 45 3
11 45 6
13 45 4
16 45 7
21 45 3
27 45 10
28 45 2
30 45 7
31 45 8
37 45 6
48 45 2
6 46 5
11 46 6
13 46 4
16 46 7
17 46 2
27 46 9
48 46 2
10 47 3
12 47 2
16 47 6
17 47 2
26 47 2
27 47 7
28 47 2
30 47 5
31 47 6
32 47 2
33 47 2
37 47 4
39 47 2
48 47 2
1 48 77
2 48 71
3 48 75
4 48 75
5 48 70
6 48 80
7 48 57
8 48 68
9 48 68
10 48 77
11 48 82
12 48 70
13 48 75
14 48 80
15 48 76
16 48 85

