3 2 73
4 2 83
5 2 77
7 2 84
9 2 80
18 2 65
35 2 83
42 2 87
48 2 66
2 3 78
2 4 42
6 4 62
7 4 58
8 4 68
9 4 52
10 4 41
11 4 51
13 4 58
15 4 53
16 4 47
17 4 49
18 4 33
19 4 55
20 4 56
21 4 53
22 4 49
24 4 48
25 4 40
26 4 68
27 4 46
28 4 63
29 4 57
30 4 50
32 4 25
33 4 54
34 4 58
35 4 57
36 4 55
37 4 57
38 4 55
39 4 59
40 4 60
41 4 59
42 4 65
43 4 54
44 4 71
46 4 63
47 4 61
48 4 34
2 5 51
4 5 65
6 5 70
7 5 67
8 5 75
9 5 61
11 5 61
13 5 67
15 5 62
18 5 41
19 5 64
20 5 65
21 5 62
26 5 75
27 5 55
28 5 71
29 5 66
30 5 59
31 5 41
33 5 63
34 5 67
35 5 66
36 5 63
37 5 66
38 5 64
39 5 68
40 5 69
41 5 67
42 5 72
43 5 63
46 5 71
47 5 69
48 5 42
1 6 45
2 6 25
4 6 37
5 6 28
7 6 39
8 6 49
9 6 33
11 6 33
13 6 39
15 6 34
16 6 29
17 6 30
18 6 18
19 6 36
20 6 37
21 6 35
22 6 31
23 6 20
24 6 30
25 6 23
26 6 49
27 6 28
28 6 44
29 6 38
31 6 18
33 6 35
34 6 39
35 6 38
36 6 36
37 6 38
38 6 36
39 6 40
40 6 41
41 6 40
42 6 46
43 6 35
44 6 53
45 6 45
46 6 44
47 6 41
49 6 27
51 6 6
53 6 4
2 7 49
4 7 62
5 7 53
8 7 73
9 7 58
10 7 47
11 7 58
13 7 64
15 7 59
16 7 53
17 7 55
18 7 39
19 7 61
20 7 62
21 7 60
22 7 56
24 7 54
25 7 46
26 7 73
28 7 69
29 7 63
30 7 56
32 7 30
33 7 60
34 7 64
35 7 63
36 7 61
37 7 63
38 7 62
39 7 66
40 7 66
41 7 65
42 7 70
43 7 61
46 7 69
47 7 67
48 7 39
4 8 60
5 8 51
7 8 62
11 8 56
13 8 63
16 8 52
21 8 58
25 8 44
26 8 72
27 8 51
28 8 67
29 8 62
30 8 55
31 8 37
32 8 28
33 8 59
34 8 63
35 8 61
36 8 59
37 8 62
38 8 60
39 8 64
40 8 65
41 8 63
42 8 69
43 8 59
44 8 74
46 8 68
47 8 65
48 8 38
2 9 32
4 9 44
5 9 35
6 9 51
7 9 47
8 9 57
10 9 30
11 9 40
13 9 47
14 9 13
15 9 42
16 9 36
17 9 37
18 9 24
19 9 44
20 9 45
21 9 42
22 9 38
23 9 26
24 9 37
25 9 30
26 9 57
27 9 35
28 9 52
29 9 46
30 9 39
33 9 43
34 9 47
35 9 46
36 9 43
37 9 46
38 9 44
39 9 48
40 9 49
41 9 47
42 9 54
43 9 43
44 9 60
46 9 52
47 9 49
48 9 24
2 10 56
4 10 68
7 10 70
8 10 78
11 10 64
13 10 70
15 10 66
16 10 60
18 10 45
19 10 68
20 10 68
21 10 66
22 10 62
26 10 78
28 10 74
29 10 69
30 10 63
31 10 45
32 10 36
33 10 67
34 10 70
35 10 69
36 10 67
37 10 69
39 10 71
40 10 72
41 10 71
42 10 76
43 10 67
46 10 75
47 10 72
2 11 46
4 11 59
5 11 50
6 11 65
7 11 62
8 11 71
9 11 56
10 11 44
13 11 62
15 11 57
16 11 51
19 11 59
20 11 60
21 11 57
22 11 53
23 11 39
24 11 52
25 11 44
26 11 71
27 11 50
28 11 66
29 11 61
30 11 54
31 11 36
33 11 58
34 11 62
35 11 61
36 11 58
37 11 61
38 11 59
39 11 63
40 11 64
41 11 62
42 11 68
43 11 58
44 11 74
46 11 67
47 11 64
2 13 34
4 13 47
5 13 38
6 13 53
7 13 49
8 13 59
9 13 43
10 13 33
11 13 43
15 13 44
16 13 38
17 13 40
18 13 26
19 13 46
20 13 47
21 13 45
22 13 41
23 13 28
24 13 39
25 13 32
26 13 60
27 13 38
28 13 54
29 13 48
30 13 41
31 13 26
32 13 19
33 13 45
34 13 50
35 13 48
36 13 46
37 13 48
38 13 47
39 13 51
40 13 52
41 13 50
42 13 56
43 13 46
44 13 63
46 13 55
47 13 52
48 13 26
2 14 67
7 14 79
8 14 85
11 14 74
20 14 77
26 14 85
28 14 82
29 14 78
30 14 73
33 14 76
34 14 79
35 14 78
36 14 77
37 14 78
38 14 77
39 14 80
40 14 80
41 14 79
42 14 83
44 14 87
46 14 83
47 14 81
2 15 41
4 15 55
5 15 45
6 15 61
7 15 57
8 15 67
9 15 51
10 15 40
11 15 50
13 15 57
14 15 18
16 15 46
17 15 48
19 15 54
20 15 55
21 15 52
22 15 48
23 15 35
24 15 47
25 15 39
26 15 67
27 15 45
28 15 62
29 15 56
30 15 49
31 15 32
33 15 53
34 15 57
35 15 56
36 15 54
37 15 56
38 15 54
39 15 58
40 15 59
41 15 58
42 15 64
43 15 53
44 15 70
46 15 62
47 15 60
48 15 33
4 16 63
7 16 65
8 16 74
9 16 60
10 16 48
11 16 59
13 16 66
18 16 40
19 16 63
20 16 63
21 16 61
22 16 57
24 16 56
26 16 74
27 16 54
28 16 70
29 16 65
30 16 58
33 16 62
34 16 66
35 16 64
36 16 62
37 16 65
39 16 67
40 16 68
41 16 66
42 16 71
44 16 77
46 16 70
47 16 68
49 16 52
4 17 59
6 17 65
7 17 61
8 17 70
9 17 55
13 17 62
15 17 56
19 17 58
20 17 59
24 17 51
26 17 71
28 17 66
29 17 60
30 17 54
33 17 57
34 17 62
35 17 60
36 17 58
37 17 60
39 17 63
40 17 64
41 17 62
42 17 68
43 17 58
44 17 73
46 17 67
47 17 64
4 18 66
5 18 57
6 18 71
7 18 68
8 18 76
9 18 62
10 18 51
11 18 62
13 18 68
15 18 63
16 18 58
20 18 66
21 18 64
22 18 60
24 18 59
26 18 76
27 18 57
28 18 72
29 18 67
30 18 61
31 18 43
33 18 64
34 18 68
35 18 67
36 18 65
37 18 67
38 18 66
39 18 69
40 18 70
41 18 69
42 18 74
43 18 65
46 18 73
47 18 70
48 18 44
4 19 54
6 19 60
7 19 56
8 19 66
9 19 50
10 19 39
11 19 50
13 19 57
15 19 51
16 19 45
18 19 31
20 19 54
21 19 52
25 19 38
26 19 66
28 19 61
29 19 55
30 19 48
33 19 52
34 19 57
35 19 55
36 19 53
37 19 55
38 19 54
39 19 58
40 19 59
41 19 57
42 19 63
43 19 53
44 19 69
45 19 63
46 19 62
47 19 59
48 19 32
4 20 63
6 20 68
7 20 65
8 20 73
9 20 59
10 20 47
11 20 58
13 20 65
15 20 60
16 20 54
17 20 56
19 20 62
21 20 60
25 20 47
26 20 73
28 20 69
29 20 64
30 20 57
31 20 39
32 20 30
33 20 61
34 20 65
35 20 64
36 20 61
37 20 64
38 20 62
39 20 66
40 20 67
41 20 65
42 20 71
43 20 61
46 20 70
47 20 67
48 20 40
2 21 44
4 21 58
5 21 49
7 21 60
8 21 69
9 21 54
10 21 43
11 21 54
13 21 60
14 21 20
15 21 55
16 21 49
18 21 35
19 21 57
20 21 58
22 21 51
25 21 42
26 21 69
27 21 48
28 21 65
29 21 59
30 21 52
31 21 35
32 21 26
33 21 56
34 21 60
35 21 59
36 21 57
37 21 59
38 21 57
39 21 61
40 21 62
41 21 61
42 21 66
43 21 57
46 21 65
47 21 63
48 21 35
2 22 45
4 22 58
5 22 49
6 22 64
7 22 61
8 22 70
9 22 55
10 22 43
11 22 54
13 22 61
15 22 56
16 22 50
17 22 51
18 22 35
19 22 58
20 22 59
21 22 56
24 22 51
26 22 70
28 22 65
29 22 60
30 22 53
33 22 57
34 22 61
35 22 59
36 22 57
37 22 60
38 22 58
39 22 62
40 22 63
41 22 61
42 22 67
43 22 57
44 22 73
46 22 66
47 22 63
48 22 36
4 23 75
5 23 68
7 23 77
8 23 84
9 23 73
11 23 72
13 23 77
20 23 76
22 23 70
26 23 84
27 23 68
28 23 81
29 23 76
30 23 71
33 23 74
34 23 77
35 23 76
36 23 75
37 23 76
38 23 75
39 23 78
40 23 79
41 23 78
42 23 82
43 23 74
46 23 81
47 23 79
2 24 54
4 24 67
7 24 69
8 24 77
9 24 63
11 24 63
13 24 69
19 24 66
22 24 61
26 24 77
28 24 73
29 24 68
32 24 35
34 24 69
36 24 66
38 24 67
39 24 70
40 24 71
41 24 70
42 24 74
43 24 66
44 24 79
46 24 74
47 24 71
2 25 46
4 25 59
7 25 61
8 25 71
9 25 56
10 25 44
11 25 55
13 25 62
15 25 57
17 25 52
18 25 36
19 25 59
20 25 59
21 25 57
26 25 71
27 25 50
28 25 66
29 25 61
30 25 54
33 25 57
34 25 62
35 25 60
36 25 58
37 25 61
39 25 63
40 25 64
41 25 62
42 25 68
43 25 58
44 25 74
45 25 67
46 25 67
47 25 64
4 26 44
5 26 35
6 26 51
7 26 47
8 26 57
9 26 41
10 26 30
11 26 40
13 26 47
15 26 42
16 26 36
17 26 37
19 26 44
20 26 44
21 26 42
22 26 38
23 26 26
25 26 29
27 26 35
28 26 52
29 26 46
30 26 39
31 26 24
32 26 17
33 26 42
34 26 47
35 26 45
36 26 43
37 26 46
38 26 44
39 26 48
40 26 49
41 26 47
42 26 53
43 26 43
44 26 60
45 26 53
46 26 52
47 26 49
48 26 24
2 27 53
4 27 66
5 27 57
6 27 72
7 27 68
8 27 76
11 27 62
13 27 68
16 27 58
20 27 66
21 27 64
23 27 46
25 27 51
26 27 76
28 27 72
29 27 67
30 27 61
33 27 64
34 27 68
35 27 67
36 27 65
37 27 67
38 27 66
39 27 69
40 27 70
41 27 69
42 27 74
43 27 65
47 27 70
48 27 44
2 28 36
4 28 49
5 28 40
6 28 55
7 28 51
8 28 61
9 28 45
10 28 34
11 28 45
13 28 52
15 28 46
16 28 40
17 28 42
19 28 48
20 28 49
21 28 47
22 28 43
25 28 34
26 28 62
27 28 40
29 28 51
30 28 43
31 28 27
32 28 20
33 28 47
34 28 52
35 28 50
36 28 48
37 28 51
38 28 49
39 28 53
40 28 54
41 28 52
42 28 58
43 28 48
44 28 65
46 28 57
47 28 54
48 28 28
2 29 43
4 29 57
5 29 47
7 29 59
8 29 68
9 29 53
10 29 41
11 29 52
13 29 59
14 29 20
15 29 54
16 29 48
19 29 56
20 29 57
21 29 54
23 29 37
25 29 41
26 29 68
27 29 47
28 29 64
30 29 51
32 29 25
33 29 55
34 29 59
35 29 58
36 29 56
37 29 58
38 29 56
39 29 60
40 29 61
41 29 60
42 29 65
43 29 55
46 29 64
47 29 62
48 29 34
4 30 62
5 30 53
7 30 64
8 30 73
10 30 47
11 30 58
14 30 23
15 30 59
16 30 53
17 30 55
20 30 62
21 30 60
26 30 73
27 30 53
28 30 69
29 30 63
31 30 39
32 30 30
33 30 60
34 30 64
36 30 61
37 30 63
38 30 62
39 30 66
40 30 66
41 30 65
42 30 70
43 30 61
46 30 69
47 30 67
48 30 40
2 31 58
4 31 70
5 31 62
7 31 72
8 31 79
10 31 56
11 31 66
13 31 72
15 31 68
16 31 62
18 31 48
20 31 70
21 31 68
26 31 80
28 31 76
29 31 71
30 31 65
32 31 38
33 31 69
34 31 72
35 31 71
36 31 69
37 31 71
38 31 70
39 31 73
40 31 74
41 31 73
42 31 77
46 31 76
4 32 78
7 32 79
8 32 85
10 32 66
11 32 75
20 32 78
21 32 76
24 32 72
26 32 85
28 32 83
29 32 79
30 32 74
31 32 58
34 32 80
35 32 79
36 32 77
37 32 79
38 32 78
39 32 80
41 32 80
42 32 84
46 32 83
2 33 46
4 33 59
5 33 50
7 33 61
8 33 71
9 33 56
10 33 44
11 33 55
13 33 62
16 33 51
19 33 59
20 33 59
21 33 57
22 33 53
25 33 43
26 33 71
27 33 50
28 33 66
29 33 61
30 33 54
31 33 36
34 33 62
35 33 60
36 33 58
37 33 61
38 33 59
39 33 63
40 33 64
41 33 62
42 33 68
43 33 58
46 33 67
47 33 64
48 33 37
2 34 39
4 34 52
5 34 43
6 34 58
7 34 54
8 34 64
9 34 48
10 34 37
11 34 48
13 34 54
14 34 17
15 34 49
16 34 43
17 34 45
19 34 51
20 34 52
21 34 49
24 34 44
26 34 64
27 34 42
28 34 59
29 34 53
30 34 46
31 34 29
32 34 22
33 34 50
35 34 53
36 34 51
37 34 53
38 34 52
39 34 56
40 34 56
41 34 55
42 34 61
43 34 51
44 34 67
46 34 60
47 34 57
48 34 30
2 35 38
4 35 51
5 35 42
6 35 58
7 35 54
8 35 64
9 35 48
10 35 36
11 35 47
13 35 54
14 35 16
15 35 49
16 35 43
17 35 44
18 35 29
19 35 51
20 35 52
21 35 49
22 35 45
23 35 32
24 35 44
25 35 36
26 35 64
27 35 42
28 35 59
29 35 53
30 35 46
31 35 29
32 35 22
33 35 50
34 35 54
36 35 50
37 35 53
38 35 51
39 35 55
40 35 56
41 35 54
42 35 60
43 35 50
44 35 67
46 35 59
47 35 56
48 35 30
2 36 43
4 36 56
5 36 47
7 36 59
8 36 68
10 36 41
11 36 52
13 36 59
14 36 19
15 36 54
16 36 48
19 36 56
20 36 57
21 36 54
24 36 49
25 36 41
26 36 68
27 36 47
28 36 64
29 36 58
30 36 51
31 36 33
32 36 25
33 36 55
34 36 59
35 36 58
37 36 58
38 36 56
39 36 60
40 36 61
41 36 59
42 36 65
43 36 55
46 36 64
47 36 61
48 36 34
4 37 57
5 37 47
6 37 63
7 37 59
8 37 68
9 37 53
10 37 42
11 37 52
13 37 59
14 37 20
15 37 54
16 37 48
19 37 56
20 37 57
21 37 54
26 37 69
27 37 47
28 37 64
29 37 58
30 37 51
31 37 34
32 37 26
33 37 55
34 37 59
35 37 58
36 37 56
38 37 56
39 37 60
40 37 61
41 37 60
42 37 65
43 37 55
46 37 64
47 37 62
48 37 34
4 38 65
6 38 71
7 38 67
8 38 76
11 38 61
13 38 68
20 38 65
26 38 76
28 38 72
29 38 67
33 38 64
34 38 68
35 38 66
36 38 64
37 38 67
39 38 69
40 38 69
41 38 68
42 38 73
43 38 64
46 38 72
47 38 70
48 38 43
4 39 52
5 39 42
7 39 54
8 39 64
9 39 48
10 39 37
11 39 47
13 39 54
15 39 49
16 39 43
17 39 44
19 39 51
20 39 52
21 39 49
25 39 36
26 39 64
27 39 42
28 39 59
29 39 53
30 39 46
31 39 29
32 39 22
33 39 50
34 39 54
35 39 53
36 39 50
37 39 53
38 39 51
40 39 56
41 39 55
42 39 61
43 39 50
44 39 67
46 39 60
47 39 57
48 39 30
2 40 38
4 40 51
5 40 42
6 40 57
7 40 53
8 40 63
9 40 47
10 40 36
11 40 47
13 40 54
15 40 48
16 40 42
17 40 44
19 40 51
20 40 51
21 40 49
22 40 45
25 40 36
26 40 64
27 40 42
28 40 59
29 40 53
30 40 45
31 40 29
33 40 49
34 40 54
35 40 52
36 40 50
37 40 53
38 40 51
39 40 55
41 40 54
42 40 60
43 40 50
44 40 67
46 40 59
47 40 56
48 40 30
2 41 40
4 41 53
5 41 44
6 41 59
7 41 56
8 41 65
9 41 49
10 41 38
11 41 49
13 41 56
14 41 18
15 41 50
16 41 44
17 41 46
18 41 31
19 41 53
20 41 53
21 41 51
22 41 47
24 41 45
25 41 37
26 41 65
27 41 44
28 41 61
29 41 55
30 41 48
31 41 31
33 41 51
34 41 56
35 41 54
36 41 52
37 41 55
38 41 53
39 41 57
40 41 58
42 41 62
43 41 52
46 41 61
47 41 58
48 41 31
2 42 31
4 42 43
5 42 34
6 42 49
7 42 45
8 42 56
9 42 39
10 42 29
11 42 39
13 42 46
14 42 12
15 42 40
16 42 35
17 42 36
19 42 42
20 42 43
21 42 41
22 42 37
23 42 25
24 42 36
25 42 29
26 42 56
27 42 34
28 42 51
29 42 45
31 42 23
32 42 17
33 42 41
34 42 46
35 42 44
36 42 42
37 42 45
38 42 43
39 42 47
40 42 48
41 42 46
43 42 42
44 42 59
45 42 52
46 42 51
47 42 48
48 42 23
49 42 33
53 42 5
2 43 44
4 43 58
5 43 48
6 43 64
7 43 60
8 43 69
9 43 54
10 43 42
11 43 53
13 43 60
15 43 55
16 43 49
19 43 57
20 43 58
21 43 55
22 43 51
25 43 42
26 43 69
27 43 48
28 43 65
29 43 59
30 43 52
33 43 56
34 43 60
35 43 59
36 43 56
37 43 59
38 43 57
39 43 61
40 43 62
41 43 61
42 43 66
46 43 65
47 43 62
48 43 35
4 44 50
7 44 52
8 44 62
9 44 46
11 44 45
13 44 52
15 44 47
17 44 43
19 44 49
20 44 50
21 44 47
22 44 43
23 44 30
24 44 42
25 44 34
26 44 62
27 44 40
28 44 57
29 44 51
33 44 48
34 44 52
35 44 51
36 44 49
37 44 51
38 44 49
39 44 53
40 44 54
41 44 53
42 44 59
43 44 48
46 44 58
47 44 55
6 45 12
7 45 11
8 45 15
13 45 11
17 45 8
19 45 10
22 45 8
23 45 5
24 45 7
25 45 5
26 45 15
42 45 14
44 45 17
46 45 13
2 46 36
4 46 50
5 46 40
7 46 52
8 46 62
9 46 46
11 46 45
13 46 52
15 46 47
16 46 41
17 46 43
18 46 28
19 46 49
20 46 50
21 46 47
22 46 43
24 46 42
26 46 62
27 46 40
28 46 57
29 46 51
30 46 44
31 46 28
32 46 21
33 46 48
34 46 52
35 46 51
36 46 48
37 46 51
38 46 49
39 46 53
40 46 54
41 46 53
42 46 59
43 46 48
44 46 65
47 46 55
48 46 28
2 47 33
4 47 46
5 47 37
6 47 52
7 47 48
8 47 58
9 47 42
10 47 31
11 47 42
13 47 48
14 47 14
15 47 43
16 47 37
17 47 39
19 47 45
20 47 46
21 47 43
22 47 39
23 47 27
24 47 38
25 47 31
26 47 58
27 47 36
28 47 53
29 47 47
30 47 40
33 47 44
34 47 48
35 47 47
36 47 45
37 47 47
38 47 45
39 47 50
40 47 50
41 47 49
42 47 55
43 47 45
44 47 62
45 47 55
46 47 54
48 47 25
49 47 35
53 47 5
2 48 52
4 48 65
5 48 56
7 48 67
8 48 75
9 48 62
11 48 61
13 48 67
15 48 62
16 48 57
18 48 42
19 48 64
20 48 65
21 48 63
22 48 59
23 48 45
26 48 76
27 48 56
28 48 71
29 48 66
30 48 60
31 48 42
33 48 63
34 48 67
35 48 66
36 48 64
37 48 66
38 48 65
39 48 68
40 48 69
41 48 68
42 48 73
43 48 64
46 48 72
47 48 69
53 48 11
2 49 28
4 49 40
5 49 31
6 49 46
7 49 42
8 49 52
9 49 36
10 49 27
11 49 36
13 49 42
15 49 37
16 49 32
17 49 33
18 49 21
19 49 39
20 49 40
21 49 38
22 49 34
23 49 23
24 49 33
26 49 52
27 49 31
28 49 47
29 49 41
30 49 35
31 49 21
33 49 38
34 49 42
35 49 41
36 49 39
37 49 41
38 49 40
39 49 44
40 49 44
41 49 43
42 49 49
43 49 39
44 49 56
46 49 48
47 49 45
51 49 7
52 49 24
53 49 4
5 50 2
6 50 4
7 50 4
8 50 6
9 50 3
13 50 4
16 50 2
17 50 3
19 50 3
20 50 3
21 50 3
22 50 3
23 50 2
24 50 3
25 50 2
26 50 6
28 50 5
33 50 3
34 50 4
35 50 4
36 50 3
37 50 4
38 50 3
39 50 4
40 50 4
41 50 4
42 50 5
43 50 3
44 50 6
46 50 5
52 50 2
53 50 0
2 51 23
4 51 34
5 51 26
6 51 40
7 51 36
8 51 46
9 51 30
10 51 22
13 51 36
14 51 9
15 51 31
16 51 26
17 51 28
18 51 16
19 51 33
20 51 34
21 51 32
22 51 28
23 51 18
24 51 27
25 51 21
26 51 46
27 51 26
28 51 41
29 51 35
30 51 29
31 51 16
32 51 12
33 51 32
34 51 36
35 51 35
36 51 33
37 51 35
38 51 33
39 51 37
40 51 38
41 51 36
42 51 42
43 51 33
44 51 49
46 51 41
47 51 38
48 51 17
49 51 24
52 51 19
53 51 3
2 52 3
4 52 6
5 52 4
6 52 7
7 52 6
8 52 9
9 52 5
10 52 3
13 52 6
14 52 1
15 52 5
16 52 4
17 52 4
18 52 2
19 52 5
20 52 6
21 52 5
22 52 4
23 52 3
24 52 4
25 52 3
26 52 9
27 52 4
28 52 7
29 52 6
30 52 4
31 52 2
32 52 2
33 52 5
34 52 6
35 52 6
36 52 5
37 52 6
38 52 5
39 52 6
40 52 7
41 52 6
42 52 8
43 52 5
44 52 10
45 52 8
46 52 7
47 52 7
48 52 2
49 52 4
50 52 2
51 52 1
53 52 0
1 53 87
4 53 82
5 53 76
6 53 85
7 53 83
8 53 88
9 53 80
10 53 71
13 53 83
14 53 46
15 53 80
16 53 76
17 53 77
18 53 64
19 53 82
20 53 82
21 53 81
22 53 78
23 53 67
24 53 77
25 53 71
26 53 88
27 53 76
28 53 86
29 53 83
30 53 78
31 53 64
32 53 54
33 53 81
34 53 83
35 53 83
36 53 81
37 53 83
38 53 82
39 53 84
40 53 85
41 53 84
42 53 87
43 53 81
44 53 90
45 53 87
46 53 86
47 53 85
