13 4 81
13 5 75
1 6 51
2 6 50
3 6 41
4 6 33
5 6 43
7 6 25
8 6 50
9 6 31
10 6 50
11 6 47
12 6 52
13 6 25
1 7 94
13 7 84
1 8 51
2 8 50
3 8 41
4 8 33
5 8 43
6 8 56
7 8 25
9 8 31
10 8 49
11 8 47
12 8 52
13 8 25
13 9 81
1 10 51
2 10 51
3 10 41
4 10 33
5 10 43
6 10 57
7 10 25
8 10 50
9 10 31
11 10 47
12 10 52
13 10 26
1 11 50
2 11 50
3 11 41
4 11 32
5 11 43
6 11 56
7 11 25
8 11 49
9 11 31
10 11 49
12 11 52
13 11 25
1 12 50
2 12 50
3 12 40
4 12 32
5 12 42
6 12 55
7 12 25
8 12 49
9 12 30
10 12 49
11 12 46
13 12 25
1 13 95
2 13 95
3 13 92
4 13 89
5 13 93

