2 1 75
8 1 86
10 1 83
21 1 81
22 1 89
28 1 86
60 1 85
65 1 81
77 1 90
99 1 86
100 1 83
1 2 80
10 2 87
18 2 93
21 2 85
22 2 91
48 2 83
63 2 90
1 3 52
8 3 69
10 3 63
12 3 48
13 3 74
14 3 60
15 3 67
16 3 62
18 3 78
19 3 64
21 3 59
22 3 73
25 3 69
26 3 61
27 3 55
28 3 68
29 3 62
31 3 45
32 3 62
33 3 63
34 3 64
37 3 72
38 3 66
39 3 66
40 3 65
41 3 64
42 3 65
43 3 68
44 3 67
45 3 70
46 3 64
47 3 71
48 3 57
50 3 58
51 3 66
52 3 66
53 3 65
54 3 64
55 3 65
56 3 65
57 3 66
58 3 65
59 3 66
60 3 66
61 3 50
62 3 67
63 3 70
64 3 57
65 3 60
66 3 70
67 3 65
68 3 73
69 3 69
70 3 78
71 3 74
73 3 51
74 3 61
75 3 69
76 3 64
77 3 75
78 3 49
79 3 62
80 3 62
81 3 62
82 3 64
83 3 68
86 3 64
91 3 58
92 3 65
95 3 64
96 3 59
97 3 64
98 3 65
99 3 69
100 3 63
104 3 61
106 3 55
107 3 68
25 4 58
1 5 56
3 5 63
4 5 62
6 5 81
8 5 72
10 5 67
12 5 52
13 5 77
14 5 64
15 5 70
18 5 81
19 5 68
20 5 66
22 5 76
24 5 88
25 5 72
26 5 64
27 5 59
28 5 71
29 5 66
32 5 65
33 5 66
34 5 68
37 5 75
38 5 70
39 5 69
40 5 69
41 5 67
42 5 68
43 5 71
44 5 70
45 5 74
46 5 68
47 5 74
48 5 61
49 5 47
51 5 70
53 5 69
54 5 68
55 5 69
56 5 69
57 5 69
58 5 68
59 5 69
60 5 70
62 5 71
63 5 73
65 5 64
66 5 73
67 5 68
68 5 76
69 5 72
70 5 81
71 5 77
74 5 65
75 5 72
77 5 78
79 5 65
80 5 65
81 5 65
82 5 68
83 5 71
86 5 67
92 5 68
95 5 68
104 5 65
107 5 71
1 8 47
2 8 47
3 8 55
10 8 59
12 8 43
13 8 71
14 8 56
15 8 63
16 8 58
18 8 75
19 8 60
21 8 55
22 8 69
24 8 83
25 8 65
26 8 56
28 8 64
29 8 58
32 8 57
33 8 59
34 8 60
36 8 47
37 8 68
38 8 62
39 8 62
40 8 61
42 8 61
43 8 64
44 8 63
45 8 67
46 8 60
47 8 67
49 8 38
51 8 62
52 8 62
53 8 61
54 8 60
55 8 61
56 8 61
57 8 61
58 8 61
59 8 62
60 8 62
61 8 45
62 8 63
63 8 66
65 8 56
66 8 66
67 8 60
68 8 69
69 8 65
70 8 75
71 8 70
74 8 57
75 8 65
77 8 72
83 8 64
86 8 59
92 8 60
95 8 60
96 8 55
97 8 60
98 8 61
99 8 65
100 8 58
102 8 44
106 8 50
107 8 64
8 9 51
10 9 44
13 9 58
15 9 49
16 9 44
18 9 63
19 9 46
22 9 56
25 9 51
27 9 37
28 9 50
29 9 44
32 9 43
33 9 44
34 9 46
37 9 54
38 9 48
39 9 47
40 9 47
42 9 46
43 9 50
44 9 49
45 9 53
46 9 46
47 9 54
48 9 39
50 9 39
51 9 48
53 9 47
57 9 47
58 9 46
60 9 48
61 9 32
62 9 49
63 9 52
64 9 38
66 9 52
67 9 46
68 9 55
69 9 51
70 9 63
71 9 57
74 9 43
75 9 51
77 9 59
83 9 50
86 9 45
91 9 39
92 9 46
95 9 46
96 9 40
97 9 45
98 9 47
99 9 51
100 9 44
102 9 30
104 9 43
105 9 22
106 9 36
107 9 50
1 10 39
2 10 38
3 10 46
5 10 30
8 10 57
9 10 71
12 10 35
13 10 63
14 10 47
15 10 54
16 10 49
18 10 68
19 10 52
21 10 46
22 10 61
24 10 78
25 10 57
26 10 48
27 10 42
28 10 55
29 10 49
31 10 32
32 10 49
33 10 50
34 10 51
36 10 38
37 10 60
38 10 54
39 10 53
40 10 53
41 10 51
42 10 52
43 10 56
44 10 54
45 10 58
46 10 52
47 10 59
48 10 44
49 10 31
50 10 45
51 10 54
52 10 53
53 10 52
54 10 51
55 10 53
56 10 52
57 10 53
58 10 52
59 10 53
60 10 54
61 10 37
62 10 55
63 10 58
64 10 43
65 10 47
66 10 57
67 10 52
68 10 61
69 10 57
70 10 68
71 10 62
73 10 38
74 10 48
75 10 57
76 10 51
77 10 64
78 10 36
79 10 49
80 10 49
81 10 49
82 10 51
83 10 56
86 10 51
91 10 45
92 10 52
95 10 51
96 10 46
97 10 51
98 10 53
99 10 57
100 10 50
101 10 19
102 10 35
104 10 48
105 10 27
106 10 42
107 10 56
114 10 15
3 12 72
8 12 80
10 12 76
13 12 84
14 12 73
15 12 79
16 12 75
18 12 87
19 12 77
21 12 73
22 12 83
25 12 80
26 12 74
29 12 75
32 12 74
40 12 78
42 12 77
43 12 80
44 12 79
45 12 81
48 12 71
53 12 77
56 12 77
57 12 78
58 12 77
59 12 78
62 12 79
66 12 81
68 12 83
69 12 80
70 12 87
71 12 84
74 12 74
75 12 80
77 12 85
83 12 80
86 12 76
95 12 77
97 12 76
107 12 79
1 13 33
2 13 33
3 13 40
8 13 51
9 13 66
10 13 44
12 13 30
14 13 41
15 13 49
16 13 43
18 13 63
19 13 46
21 13 41
22 13 56
23 13 70
25 13 51
26 13 42
27 13 37
28 13 50
29 13 44
31 13 28
32 13 43
33 13 44
34 13 45
36 13 33
37 13 54
38 13 48
39 13 47
40 13 47
41 13 45
42 13 46
43 13 50
44 13 49
45 13 53
46 13 46
47 13 54
48 13 38
50 13 39
51 13 48
52 13 47
53 13 47
54 13 46
55 13 47
56 13 47
57 13 47
58 13 46
59 13 47
60 13 48
61 13 32
62 13 49
63 13 52
64 13 38
65 13 42
66 13 52
67 13 46
68 13 55
69 13 51
70 13 63
71 13 57
73 13 33
74 13 42
75 13 51
76 13 45
77 13 59
78 13 31
79 13 43
80 13 43
81 13 43
82 13 45
83 13 50
86 13 45
91 13 39
92 13 46
95 13 46
96 13 40
97 13 45
98 13 47
99 13 51
100 13 44
102 13 30
104 13 42
106 13 36
107 13 50
1 14 49
3 14 56
8 14 66
9 14 79
10 14 60
12 14 45
13 14 72
15 14 64
16 14 59
17 14 70
18 14 76
19 14 61
20 14 59
21 14 56
22 14 70
24 14 84
25 14 66
26 14 57
27 14 52
28 14 65
29 14 59
31 14 42
32 14 58
33 14 60
34 14 61
36 14 48
37 14 69
38 14 63
40 14 63
41 14 61
42 14 62
43 14 65
44 14 64
45 14 68
46 14 61
47 14 69
48 14 54
50 14 55
51 14 63
52 14 63
53 14 62
54 14 61
55 14 62
56 14 62
57 14 63
58 14 62
59 14 63
60 14 63
61 14 46
62 14 64
63 14 67
64 14 53
65 14 57
66 14 67
67 14 62
68 14 70
69 14 66
70 14 76
71 14 71
73 14 48
74 14 58
75 14 66
76 14 61
77 14 73
78 14 46
79 14 59
80 14 59
81 14 59
82 14 61
83 14 65
86 14 61
91 14 54
92 14 62
95 14 61
97 14 61
100 14 60
106 14 52
107 14 65
3 15 55
4 15 55
8 15 66
10 15 59
13 15 71
16 15 58
18 15 75
19 15 61
21 15 56
22 15 70
24 15 84
25 15 66
26 15 57
28 15 64
29 15 59
32 15 58
33 15 59
34 15 60
36 15 48
37 15 68
38 15 63
39 15 62
40 15 62
41 15 60
42 15 61
43 15 65
44 15 63
45 15 67
46 15 61
47 15 68
48 15 53
51 15 63
52 15 62
53 15 61
54 15 61
55 15 62
56 15 62
57 15 62
58 15 61
59 15 62
60 15 63
62 15 64
63 15 66
65 15 57
66 15 66
67 15 61
68 15 69
69 15 66
70 15 75
71 15 71
74 15 57
75 15 66
77 15 72
79 15 58
80 15 58
81 15 58
82 15 60
83 15 65
86 15 60
91 15 54
92 15 61
95 15 61
96 15 55
97 15 60
98 15 62
99 15 66
100 15 59
104 15 57
106 15 51
107 15 64
1 16 44
2 16 44
3 16 52
8 16 62
9 16 76
10 16 56
12 16 40
13 16 68
14 16 52
15 16 60
18 16 73
19 16 57
21 16 52
22 16 66
25 16 62
26 16 53
27 16 48
28 16 61
29 16 55
31 16 37
32 16 54
33 16 56
34 16 57
37 16 65
38 16 59
39 16 59
40 16 58
41 16 57
42 16 58
43 16 61
44 16 60
45 16 64
46 16 57
47 16 65
48 16 50
50 16 50
51 16 59
52 16 59
53 16 58
54 16 57
55 16 58
56 16 58
57 16 58
58 16 58
59 16 59
60 16 59
61 16 42
62 16 60
63 16 63
64 16 49
65 16 53
66 16 63
67 16 57
68 16 66
69 16 62
70 16 72
71 16 68
74 16 54
75 16 62
76 16 56
77 16 69
79 16 54
80 16 54
81 16 54
82 16 57
83 16 61
86 16 56
92 16 57
95 16 57
96 16 52
97 16 57
98 16 58
99 16 62
100 16 55
102 16 41
104 16 54
105 16 31
106 16 47
107 16 61
14 17 7
18 17 15
22 17 12
32 17 7
38 17 9
50 17 6
61 17 5
64 17 6
70 17 15
73 17 5
76 17 8
2 18 28
3 18 34
4 18 34
5 18 21
8 18 45
9 18 61
10 18 38
13 18 51
14 18 35
15 18 42
16 18 37
19 18 40
21 18 35
22 18 49
24 18 69
25 18 45
26 18 36
27 18 31
28 18 43
29 18 38
32 18 37
33 18 38
34 18 39
35 18 15
36 18 28
37 18 48
38 18 42
39 18 41
40 18 41
41 18 39
42 18 40
43 18 44
44 18 42
45 18 47
46 18 40
47 18 47
48 18 33
49 18 21
50 18 33
51 18 42
52 18 41
53 18 40
54 18 39
55 18 41
56 18 40
57 18 41
58 18 40
59 18 41
60 18 42
61 18 26
62 18 43
63 18 46
64 18 32
65 18 36
66 18 45
67 18 40
68 18 49
69 18 45
70 18 57
71 18 51
73 18 28
74 18 37
75 18 45
77 18 53
78 18 26
79 18 37
80 18 37
81 18 37
82 18 39
83 18 44
86 18 39
91 18 33
92 18 40
95 18 40
96 18 34
97 18 39
98 18 41
99 18 45
100 18 38
101 18 13
102 18 25
104 18 37
106 18 31
107 18 44
3 19 61
4 19 60
8 19 71
10 19 65
12 19 50
13 19 76
15 19 68
16 19 64
18 19 79
21 19 61
22 19 74
24 19 87
25 19 71
26 19 62
27 19 57
28 19 69
29 19 64
32 19 63
33 19 65
34 19 66
37 19 73
38 19 68
39 19 67
40 19 67
41 19 65
42 19 66
43 19 70
44 19 69
45 19 72
46 19 66
47 19 73
48 19 59
51 19 68
52 19 67
53 19 67
54 19 66
55 19 67
56 19 67
57 19 67
58 19 66
59 19 67
60 19 68
61 19 52
62 19 69
63 19 71
64 19 58
65 19 62
66 19 71
67 19 66
68 19 74
69 19 71
70 19 79
71 19 75
74 19 63
75 19 70
77 19 77
83 19 70
86 19 65
91 19 59
92 19 66
95 19 66
96 19 61
98 19 67
100 19 64
107 19 69
14 20 56
24 20 83
32 20 57
43 20 64
68 20 69
69 20 65
83 20 64
1 21 46
2 21 45
3 21 53
8 21 63
10 21 57
12 21 42
13 21 69
14 21 54
15 21 61
16 21 56
18 21 74
19 21 58
22 21 68
24 21 82
25 21 64
26 21 54
27 21 49
28 21 62
29 21 56
31 21 39
32 21 55
33 21 57
34 21 58
36 21 45
37 21 66
38 21 61
39 21 60
40 21 60
41 21 58
42 21 59
43 21 62
44 21 61
45 21 65
46 21 58
47 21 66
48 21 51
49 21 37
50 21 52
51 21 60
52 21 60
53 21 59
54 21 58
55 21 60
56 21 59
57 21 60
58 21 59
59 21 60
60 21 60
61 21 43
62 21 62
63 21 64
64 21 50
66 21 64
67 21 59
68 21 67
69 21 64
70 21 73
71 21 69
73 21 45
74 21 55
75 21 63
76 21 58
77 21 70
78 21 43
79 21 56
80 21 56
81 21 56
82 21 58
83 21 62
86 21 58
91 21 51
92 21 59
95 21 58
96 21 53
97 21 58
98 21 60
99 21 63
100 21 57
104 21 55
106 21 49
107 21 62
1 22 28
2 22 28
3 22 34
5 22 21
8 22 45
9 22 60
10 22 38
12 22 25
13 22 51
14 22 35
15 22 42
16 22 37
18 22 56
19 22 39
21 22 35
24 22 69
25 22 45
26 22 36
27 22 31
28 22 43
29 22 37
31 22 23
32 22 37
33 22 38
34 22 39
36 22 28
37 22 48
38 22 42
39 22 41
40 22 41
41 22 39
42 22 40
43 22 44
44 22 42
45 22 46
46 22 39
47 22 47
48 22 33
49 22 21
50 22 33
51 22 41
52 22 41
53 22 40
54 22 39
55 22 41
56 22 40
57 22 41
58 22 40
59 22 41
60 22 41
61 22 26
62 22 43
63 22 45
64 22 32
65 22 35
66 22 45
67 22 40
68 22 49
69 22 45
70 22 56
71 22 51
73 22 28
74 22 36
75 22 44
76 22 39
77 22 53
78 22 26
79 22 37
80 22 37
81 22 37
82 22 39
83 22 44
86 22 39
91 22 33
92 22 40
95 22 39
96 22 34
97 22 39
98 22 41
99 22 45
100 22 38
101 22 13
102 22 25
103 22 29
104 22 36
105 22 18
106 22 30
107 22 43
114 22 9
2 24 15
3 24 20
8 24 28
10 24 23
13 24 33
14 24 20
15 24 26
18 24 38
19 24 24
20 24 22
21 24 20
22 24 31
25 24 28
26 24 21
27 24 17
28 24 27
29 24 22
30 24 21
31 24 12
32 24 21
37 24 30
38 24 25
43 24 27
48 24 19
50 24 19
51 24 25
57 24 25
58 24 24
59 24 25
61 24 14
62 24 26
63 24 28
64 24 18
66 24 28
68 24 31
70 24 38
71 24 33
73 24 15
75 24 27
77 24 34
92 24 24
95 24 23
97 24 23
100 24 22
103 24 16
111 24 12
3 25 49
4 25 48
5 25 33
8 25 60
10 25 53
12 25 38
13 25 66
14 25 50
15 25 57
16 25 52
18 25 71
19 25 55
21 25 49
22 25 64
24 25 80
26 25 51
27 25 45
28 25 58
29 25 52
32 25 52
33 25 53
34 25 54
35 25 25
36 25 41
37 25 63
38 25 57
39 25 56
40 25 56
41 25 54
42 25 55
43 25 59
44 25 57
45 25 61
46 25 55
47 25 62
48 25 47
49 25 33
50 25 48
51 25 57
52 25 56
53 25 55
54 25 54
55 25 56
56 25 55
57 25 56
58 25 55
59 25 56
60 25 57
61 25 40
62 25 58
63 25 61
65 25 50
66 25 60
67 25 55
68 25 64
69 25 60
70 25 70
71 25 65
74 25 51
75 25 60
77 25 67
78 25 39
79 25 52
80 25 52
81 25 52
82 25 54
83 25 59
86 25 54
91 25 48
92 25 55
95 25 54
96 25 49
97 25 54
98 25 56
100 25 53
102 25 38
104 25 51
106 25 45
107 25 58
3 26 55
5 26 38
8 26 65
10 26 59
12 26 43
13 26 71
14 26 56
15 26 63
16 26 58
18 26 75
19 26 60
21 26 55
22 26 69
24 26 83
25 26 65
27 26 51
29 26 58
31 26 40
32 26 57
33 26 59
34 26 60
35 26 29
37 26 68
38 26 62
39 26 62
40 26 61
41 26 60
42 26 61
43 26 64
44 26 63
45 26 67
46 26 60
47 26 67
48 26 53
49 26 38
50 26 53
51 26 62
52 26 62
53 26 61
54 26 60
55 26 61
56 26 61
57 26 62
58 26 61
59 26 62
60 26 62
61 26 45
62 26 63
63 26 66
64 26 52
65 26 56
66 26 66
67 26 60
68 26 69
69 26 65
70 26 75
71 26 70
74 26 57
75 26 65
76 26 59
77 26 72
78 26 44
79 26 57
80 26 58
81 26 57
82 26 60
83 26 64
86 26 60
92 26 60
95 26 60
96 26 55
97 26 60
98 26 61
106 26 50
107 26 64
114 26 20
1 27 59
3 27 66
8 27 75
10 27 70
13 27 80
14 27 67
15 27 73
16 27 69
18 27 83
19 27 71
22 27 78
24 27 89
25 27 75
26 27 67
28 27 74
29 27 69
32 27 68
33 27 69
34 27 70
36 27 59
37 27 77
38 27 73
40 27 72
42 27 71
43 27 74
44 27 73
45 27 76
46 27 71
47 27 77
48 27 64
51 27 72
52 27 72
53 27 71
54 27 71
55 27 72
56 27 71
57 27 72
58 27 71
59 27 72
60 27 72
61 27 57
62 27 73
63 27 76
66 27 75
67 27 71
68 27 78
69 27 75
70 27 83
71 27 79
74 27 68
75 27 75
77 27 80
83 27 74
86 27 70
92 27 71
95 27 71
100 27 69
107 27 74
1 28 35
2 28 35
3 28 42
5 28 27
8 28 53
9 28 68
10 28 46
12 28 32
13 28 60
14 28 43
15 28 51
16 28 45
18 28 65
19 28 48
21 28 43
22 28 58
24 28 75
25 28 53
26 28 44
27 28 38
29 28 46
31 28 29
32 28 45
33 28 46
34 28 47
36 28 35
37 28 56
38 28 50
39 28 49
40 28 49
41 28 47
42 28 48
43 28 52
44 28 51
45 28 55
46 28 48
47 28 56
48 28 40
49 28 27
50 28 41
51 28 50
52 28 49
53 28 49
54 28 48
55 28 49
56 28 49
57 28 49
58 28 48
59 28 49
60 28 50
61 28 33
62 28 51
63 28 54
64 28 40
65 28 44
66 28 54
67 28 48
68 28 57
69 28 53
70 28 64
71 28 59
73 28 35
74 28 44
75 28 53
76 28 47
77 28 61
78 28 33
79 28 45
80 28 45
81 28 45
82 28 47
83 28 52
86 28 47
91 28 41
92 28 48
95 28 48
96 28 42
97 28 47
98 28 49
99 28 53
100 28 46
102 28 32
103 28 36
104 28 44
105 28 24
106 28 38
107 28 52
114 28 13
1 29 35
2 29 35
3 29 42
5 29 27
8 29 53
9 29 68
10 29 46
12 29 32
13 29 60
14 29 43
15 29 51
16 29 45
18 29 65
19 29 48
21 29 43
22 29 58
24 29 75
25 29 53
26 29 44
27 29 38
28 29 52
31 29 29
32 29 45
33 29 46
34 29 48
36 29 35
37 29 56
38 29 50
39 29 49
40 29 49
41 29 47
42 29 48
43 29 52
44 29 51
45 29 55
46 29 48
47 29 56
48 29 40
49 29 27
50 29 41
51 29 50
52 29 49
53 29 49
54 29 48
55 29 49
56 29 49
57 29 49
58 29 48
59 29 49
60 29 50
62 29 51
63 29 54
64 29 40
65 29 44
66 29 54
67 29 48
68 29 57
69 29 53
70 29 64
71 29 59
73 29 35
74 29 44
75 29 53
76 29 47
77 29 61
78 29 33
79 29 45
80 29 45
81 29 45
82 29 48
83 29 52
86 29 47
91 29 41
92 29 48
95 29 48
96 29 42
97 29 47
98 29 49
99 29 53
100 29 46
101 29 17
102 29 32
103 29 36
104 29 44
105 29 24
106 29 38
107 29 52
114 29 13
24 30 91
68 30 81
1 31 55
2 31 55
3 31 62
8 31 72
9 31 83
10 31 66
13 31 77
14 31 63
15 31 70
16 31 65
18 31 80
21 31 62
22 31 75
24 31 87
25 31 72
26 31 64
28 31 71
29 31 65
30 31 63
32 31 64
33 31 66
34 31 67
36 31 55
37 31 74
38 31 69
39 31 69
40 31 68
42 31 68
43 31 71
44 31 70
45 31 73
46 31 67
47 31 74
48 31 60
50 31 61
51 31 69
52 31 68
53 31 68
54 31 67
55 31 68
56 31 68
57 31 68
58 31 68
59 31 69
60 31 69
61 31 53
62 31 70
63 31 72
65 31 63
66 31 72
67 31 67
68 31 75
69 31 72
70 31 80
71 31 76
74 31 64
75 31 72
77 31 78
83 31 71
86 31 67
92 31 67
95 31 67
97 31 67
100 31 66
104 31 64
106 31 58
107 31 71
1 32 44
2 32 43
3 32 51
8 32 62
9 32 75
10 32 55
12 32 40
13 32 68
14 32 52
15 32 59
16 32 54
17 32 66
18 32 72
19 32 57
20 32 54
21 32 52
22 32 66
24 32 81
25 32 62
26 32 53
27 32 47
28 32 61
29 32 55
31 32 37
33 32 55
34 32 56
36 32 43
37 32 65
38 32 59
39 32 58
40 32 58
41 32 56
42 32 57
43 32 61
44 32 60
45 32 63
46 32 57
47 32 64
48 32 49
50 32 50
51 32 59
52 32 58
53 32 57
54 32 57
55 32 58
56 32 58
57 32 58
58 32 57
59 32 58
60 32 59
61 32 42
62 32 60
63 32 63
64 32 49
65 32 52
66 32 62
67 32 57
68 32 66
69 32 62
70 32 72
71 32 67
73 32 43
74 32 53
75 32 62
76 32 56
77 32 69
78 32 41
79 32 54
80 32 54
81 32 54
82 32 56
83 32 61
86 32 56
92 32 57
95 32 57
97 32 56
99 32 62
100 32 55
102 32 40
104 32 53
106 32 47
107 32 61
114 32 17
1 33 47
2 33 46
3 33 54
5 33 38
8 33 64
10 33 58
13 33 70
14 33 55
15 33 62
16 33 57
18 33 75
19 33 60
21 33 54
22 33 69
25 33 65
26 33 56
27 33 50
28 33 63
32 33 57
34 33 59
35 33 28
36 33 46
37 33 67
38 33 62
39 33 61
40 33 61
41 33 59
42 33 60
43 33 64
44 33 62
45 33 66
46 33 59
47 33 67
48 33 52
49 33 38
50 33 53
51 33 61
52 33 61
53 33 60
54 33 59
55 33 61
56 33 60
57 33 61
58 33 60
59 33 61
60 33 62
62 33 63
63 33 65
64 33 52
65 33 55
66 33 65
67 33 60
68 33 68
69 33 65
70 33 74
71 33 70
74 33 56
75 33 64
76 33 59
77 33 71
78 33 44
79 33 57
80 33 57
81 33 57
82 33 59
83 33 64
86 33 59
91 33 53
92 33 60
95 33 59
96 33 54
97 33 59
98 33 61
104 33 56
106 33 50
107 33 63
1 34 44
2 34 43
3 34 51
5 34 35
6 34 73
8 34 62
10 34 55
12 34 40
13 34 68
14 34 52
15 34 59
16 34 54
18 34 72
19 34 57
20 34 54
21 34 52
22 34 66
25 34 62
26 34 53
27 34 47
28 34 60
29 34 54
31 34 37
32 34 54
33 34 55
35 34 26
36 34 43
37 34 65
38 34 59
39 34 58
40 34 58
41 34 56
42 34 57
43 34 61
44 34 59
45 34 63
46 34 57
47 34 64
48 34 49
49 34 35
50 34 50
51 34 59
52 34 58
53 34 57
54 34 56
55 34 58
56 34 58
57 34 58
58 34 57
59 34 58
60 34 59
62 34 60
63 34 63
64 34 49
65 34 52
66 34 62
67 34 57
68 34 66
69 34 62
70 34 72
71 34 67
73 34 43
74 34 53
75 34 62
76 34 56
77 34 69
78 34 41
79 34 54
80 34 54
81 34 54
82 34 56
83 34 61
86 34 56
91 34 50
92 34 57
95 34 57
96 34 51
97 34 56
98 34 58
104 34 53
106 34 47
107 34 61
114 34 17
3 35 66
8 35 75
10 35 70
13 35 80
14 35 67
15 35 73
18 35 83
19 35 71
20 35 69
22 35 78
24 35 89
25 35 75
26 35 68
28 35 74
29 35 69
32 35 68
33 35 70
34 35 71
37 35 77
38 35 73
39 35 72
40 35 72
41 35 71
42 35 71
43 35 74
44 35 73
45 35 76
46 35 71
47 35 77
48 35 64
49 35 50
51 35 73
52 35 72
53 35 72
54 35 71
55 35 72
56 35 72
57 35 72
58 35 71
59 35 72
60 35 73
62 35 74
63 35 76
65 35 67
66 35 76
67 35 71
68 35 78
69 35 75
70 35 83
71 35 79
74 35 68
75 35 75
79 35 69
80 35 69
81 35 69
82 35 71
83 35 74
86 35 70
91 35 65
95 35 71
97 35 71
104 35 68
107 35 74
3 36 65
4 36 64
8 36 74
10 36 69
13 36 79
14 36 66
15 36 72
16 36 68
17 36 77
18 36 82
21 36 65
22 36 78
24 36 89
25 36 74
28 36 73
29 36 68
31 36 51
32 36 67
33 36 68
34 36 70
37 36 76
38 36 72
39 36 71
40 36 71
41 36 69
42 36 70
43 36 73
44 36 72
45 36 75
46 36 70
47 36 76
50 36 64
51 36 71
52 36 71
53 36 70
54 36 70
55 36 71
56 36 71
57 36 71
58 36 70
59 36 71
60 36 72
63 36 75
64 36 63
65 36 66
66 36 75
67 36 70
68 36 77
69 36 74
70 36 82
71 36 78
73 36 58
74 36 67
75 36 74
76 36 69
77 36 80
78 36 55
79 36 67
80 36 67
81 36 67
82 36 70
83 36 73
86 36 69
91 36 64
92 36 70
95 36 70
97 36 69
100 36 68
107 36 73
1 37 30
2 37 29
3 37 36
4 37 36
5 37 23
8 37 47
9 37 62
10 37 40
13 37 53
14 37 37
15 37 44
16 37 39
18 37 58
19 37 41
21 37 36
22 37 51
24 37 70
25 37 47
26 37 38
27 37 33
28 37 45
29 37 39
31 37 24
32 37 38
33 37 40
34 37 41
36 37 29
38 37 44
39 37 43
40 37 43
41 37 41
42 37 42
43 37 46
44 37 44
45 37 48
46 37 41
47 37 49
48 37 34
49 37 23
50 37 35
51 37 43
52 37 43
53 37 42
54 37 41
55 37 42
56 37 42
57 37 43
58 37 42
59 37 43
60 37 43
61 37 28
62 37 45
63 37 47
64 37 34
65 37 37
66 37 47
67 37 42
68 37 51
69 37 47
70 37 58
71 37 52
73 37 29
74 37 38
75 37 46
76 37 41
77 37 54
78 37 27
79 37 39
80 37 39
81 37 39
82 37 41
83 37 46
84 37 3
86 37 41
91 37 35
92 37 42
95 37 41
96 37 36
97 37 41
98 37 43
99 37 47
100 37 40
101 37 14
102 37 27
103 37 30
104 37 38
105 37 19
106 37 32
107 37 45
114 37 10
3 38 59
8 38 69
10 38 63
13 38 74
14 38 60
15 38 67
16 38 62
18 38 78
19 38 64
21 38 59
22 38 73
24 38 86
25 38 69
27 38 55
28 38 68
32 38 61
33 38 63
34 38 64
36 38 51
37 38 71
39 38 66
40 38 65
41 38 64
42 38 65
43 38 68
44 38 67
45 38 70
47 38 71
50 38 58
51 38 66
52 38 65
53 38 65
54 38 64
55 38 65
56 38 65
57 38 65
58 38 64
61 38 49
63 38 70
66 38 69
67 38 64
68 38 72
69 38 69
70 38 78
71 38 74
74 38 61
75 38 69
76 38 63
77 38 75
79 38 61
80 38 62
81 38 61
82 38 64
83 38 68
86 38 63
92 38 64
96 38 59
98 38 65
107 38 68
2 39 38
3 39 45
5 39 30
8 39 56
9 39 71
10 39 49
12 39 34
13 39 62
14 39 46
15 39 54
16 39 48
18 39 67
19 39 51
21 39 46
22 39 61
24 39 78
25 39 56
26 39 47
27 39 41
28 39 55
29 39 49
31 39 32
32 39 48
33 39 49
34 39 51
35 39 22
36 39 38
37 39 59
38 39 53
40 39 52
41 39 50
42 39 51
43 39 55
44 39 54
45 39 58
46 39 51
47 39 59
48 39 43
49 39 30
50 39 44
51 39 53
52 39 52
53 39 52
54 39 51
55 39 52
56 39 52
57 39 52
58 39 51
59 39 52
60 39 53
61 39 36
62 39 54
63 39 57
64 39 43
65 39 47
66 39 57
67 39 51
68 39 60
69 39 56
70 39 67
71 39 62
73 39 38
74 39 47
75 39 56
76 39 50
77 39 64
78 39 35
79 39 48
80 39 48
81 39 48
82 39 51
83 39 55
86 39 50
91 39 44
92 39 51
95 39 51
96 39 45
97 39 50
98 39 52
99 39 56
100 39 49
104 39 47
105 39 26
106 39 41
107 39 55
114 39 14
1 40 41
2 40 40
3 40 48
5 40 32
6 40 70
8 40 59
10 40 52
12 40 37
13 40 65
14 40 49
15 40 56
16 40 51
18 40 70
19 40 54
20 40 51
21 40 48
22 40 63
25 40 59
26 40 50
27 40 44
28 40 58
29 40 51
31 40 34
32 40 51
33 40 52
34 40 53
35 40 24
37 40 62
38 40 56
39 40 55
41 40 53
42 40 54
43 40 58
44 40 56
45 40 60
46 40 54
47 40 61
48 40 46
49 40 32
50 40 47
51 40 56
52 40 55
53 40 54
54 40 53
55 40 55
56 40 54
57 40 55
58 40 54
59 40 55
60 40 56
62 40 57
63 40 60
64 40 46
65 40 49
66 40 59
67 40 54
68 40 63
69 40 59
70 40 70
71 40 64
74 40 50
75 40 59
76 40 53
77 40 66
79 40 51
80 40 51
81 40 51
82 40 53
83 40 58
86 40 53
92 40 54
95 40 54
96 40 48
97 40 53
98 40 55
99 40 59
104 40 50
107 40 58
114 40 16
1 41 49
3 41 56
8 41 67
10 41 61
14 41 57
15 41 64
16 41 60
18 41 76
21 41 57
22 41 71
23 41 82
25 41 67
26 41 58
27 41 52
28 41 65
29 41 60
32 41 59
33 41 60
34 41 62
36 41 49
37 41 69
38 41 64
39 41 63
40 41 63
42 41 62
43 41 66
44 41 64
45 41 68
46 41 62
47 41 69
48 41 55
50 41 55
51 41 64
52 41 63
53 41 62
54 41 62
55 41 63
56 41 63
57 41 63
58 41 62
59 41 63
60 41 64
62 41 65
63 41 67
65 41 58
66 41 67
67 41 62
68 41 70
69 41 67
70 41 76
71 41 72
74 41 59
75 41 67
76 41 61
77 41 73
79 41 59
80 41 59
81 41 59
82 41 62
83 41 66
86 41 61
92 41 62
95 41 62
96 41 56
98 41 63
104 41 59
106 41 52
107 41 65
1 42 44
2 42 44
3 42 51
5 42 35
8 42 62
10 42 56
12 42 40
13 42 68
14 42 52
15 42 60
16 42 55
18 42 72
19 42 57
20 42 55
21 42 52
22 42 66
25 42 62
26 42 53
27 42 47
28 42 61
29 42 55
32 42 54
33 42 55
34 42 57
35 42 26
36 42 44
37 42 65
38 42 59
39 42 59
40 42 58
41 42 56
43 42 61
44 42 60
45 42 64
46 42 57
47 42 64
48 42 50
49 42 35
50 42 50
51 42 59
52 42 58
53 42 58
54 42 57
55 42 58
56 42 58
57 42 58
58 42 57
59 42 59
60 42 59
62 42 60
63 42 63
64 42 49
65 42 53
66 42 63
67 42 57
68 42 66
69 42 62
70 42 72
71 42 67
74 42 54
75 42 62
76 42 56
77 42 69
78 42 41
79 42 54
80 42 54
81 42 54
82 42 57
83 42 61
86 42 56
92 42 57
95 42 57
96 42 51
98 42 58
99 42 62
100 42 55
106 42 47
107 42 61
2 43 41
3 43 48
5 43 33
8 43 59
10 43 53
13 43 65
14 43 49
15 43 57
16 43 52
18 43 70
19 43 54
20 43 52
21 43 49
22 43 64
24 43 80
25 43 59
26 43 50
27 43 44
28 43 58
29 43 52
31 43 35
32 43 51
33 43 52
34 43 54
35 43 24
36 43 41
37 43 62
38 43 56
39 43 56
40 43 55
41 43 53
42 43 54
44 43 57
45 43 61
46 43 54
47 43 62
48 43 47
49 43 33
50 43 47
51 43 56
52 43 55
53 43 55
54 43 54
55 43 55
56 43 55
57 43 55
58 43 54
59 43 56
60 43 56
61 43 39
62 43 57
63 43 60
64 43 46
65 43 50
66 43 60
67 43 54
68 43 63
69 43 59
70 43 70
71 43 65
74 43 51
75 43 59
76 43 53
77 43 67
79 43 51
80 43 51
81 43 51
82 43 54
83 43 58
86 43 53
92 43 54
95 43 54
96 43 48
97 43 53
98 43 55
99 43 59
100 43 52
107 43 58
114 43 16
1 44 40
2 44 39
3 44 47
5 44 31
6 44 70
8 44 58
10 44 51
13 44 64
14 44 48
15 44 55
16 44 50
18 44 69
19 44 53
20 44 50
21 44 47
22 44 62
25 44 58
26 44 49
27 44 43
28 44 57
29 44 50
32 44 50
33 44 51
34 44 52
35 44 23
37 44 61
38 44 55
39 44 54
40 44 54
41 44 52
42 44 53
43 44 57
45 44 59
46 44 53
47 44 60
48 44 45
49 44 31
50 44 46
51 44 55
52 44 54
53 44 53
54 44 52
55 44 54
56 44 53
57 44 54
58 44 53
59 44 54
60 44 55
61 44 38
62 44 56
63 44 59
64 44 45
65 44 48
66 44 58
67 44 53
68 44 62
69 44 58
70 44 69
71 44 63
74 44 49
75 44 58
76 44 52
77 44 65
78 44 37
79 44 50
80 44 50
81 44 50
82 44 52
83 44 57
86 44 52
91 44 46
92 44 53
95 44 52
96 44 47
97 44 52
98 44 54
100 44 51
103 44 41
107 44 57
114 44 15
2 45 35
3 45 43
5 45 28
6 45 66
8 45 53
9 45 68
10 45 47
12 45 32
13 45 60
14 45 43
15 45 51
16 45 46
18 45 65
19 45 48
21 45 43
22 45 58
24 45 76
25 45 53
26 45 44
27 45 39
28 45 52
29 45 46
31 45 29
32 45 45
33 45 46
34 45 48
36 45 35
37 45 56
38 45 50
39 45 50
40 45 49
41 45 47
42 45 49
43 45 52
44 45 51
46 45 48
47 45 56
48 45 41
49 45 28
50 45 41
51 45 50
52 45 50
53 45 49
54 45 48
55 45 49
56 45 49
57 45 49
58 45 48
59 45 50
60 45 50
61 45 34
62 45 51
63 45 54
64 45 40
65 45 44
66 45 54
67 45 48
68 45 58
69 45 54
70 45 65
71 45 59
74 45 45
75 45 53
76 45 47
77 45 61
79 45 45
80 45 45
81 45 45
82 45 48
83 45 52
86 45 47
91 45 41
92 45 48
95 45 48
97 45 47
98 45 49
99 45 53
100 45 46
104 45 45
107 45 52
2 46 42
3 46 49
5 46 33
8 46 60
10 46 54
12 46 38
13 46 66
14 46 50
15 46 58
16 46 53
18 46 71
19 46 55
20 46 53
21 46 50
22 46 64
25 46 60
26 46 51
27 46 45
28 46 59
29 46 53
31 46 35
32 46 52
33 46 53
34 46 55
35 46 25
36 46 42
37 46 63
38 46 57
39 46 57
40 46 56
41 46 54
42 46 55
43 46 59
44 46 58
45 46 62
47 46 63
48 46 47
49 46 33
50 46 48
51 46 57
52 46 56
53 46 56
54 46 55
55 46 56
56 46 56
57 46 56
58 46 55
59 46 56
60 46 57
61 46 40
62 46 58
63 46 61
64 46 47
65 46 51
66 46 61
67 46 55
68 46 64
69 46 60
70 46 71
71 46 66
74 46 52
75 46 60
76 46 54
77 46 67
78 46 39
79 46 52
80 46 52
81 46 52
82 46 55
83 46 59
86 46 54
92 46 55
95 46 55
96 46 49
97 46 54
98 46 56
100 46 53
102 46 39
106 46 45
107 46 59
114 46 16
1 47 35
2 47 35
3 47 42
5 47 27
8 47 53
9 47 68
10 47 46
12 47 32
13 47 59
14 47 43
15 47 50
16 47 45
18 47 64
19 47 48
21 47 42
22 47 57
24 47 75
25 47 53
26 47 44
27 47 38
28 47 51
29 47 45
31 47 29
32 47 45
33 47 46
34 47 47
36 47 35
37 47 56
38 47 50
39 47 49
40 47 49
41 47 47
42 47 48
43 47 52
44 47 50
45 47 55
46 47 47
48 47 40
49 47 27
50 47 41
51 47 50
52 47 49
53 47 48
54 47 47
55 47 49
56 47 48
57 47 49
58 47 48
59 47 49
60 47 50
61 47 33
62 47 51
63 47 54
64 47 40
65 47 43
66 47 53
67 47 48
68 47 57
69 47 53
70 47 64
71 47 59
73 47 35
74 47 44
75 47 53
76 47 47
77 47 61
79 47 45
80 47 45
81 47 45
82 47 47
83 47 52
86 47 47
91 47 41
92 47 48
95 47 47
96 47 42
97 47 47
98 47 49
99 47 53
100 47 46
104 47 44
106 47 38
107 47 52
1 48 49
2 48 48
3 48 56
5 48 39
8 48 66
9 48 79
10 48 60
13 48 72
14 48 57
15 48 64
16 48 59
18 48 76
19 48 61
21 48 56
22 48 70
24 48 84
25 48 66
26 48 57
27 48 52
28 48 65
29 48 59
31 48 42
32 48 58
33 48 60
34 48 61
35 48 30
37 48 69
38 48 63
39 48 63
40 48 62
41 48 61
42 48 62
43 48 65
44 48 64
45 48 68
46 48 61
47 48 68
49 48 40
51 48 63
52 48 63
53 48 62
54 48 61
55 48 62
56 48 62
57 48 63
58 48 62
59 48 63
60 48 63
62 48 64
63 48 67
64 48 53
65 48 57
66 48 67
67 48 62
68 48 70
69 48 66
70 48 76
71 48 71
73 48 48
74 48 58
75 48 66
76 48 61
77 48 73
78 48 45
79 48 59
80 48 59
81 48 59
82 48 61
83 48 65
86 48 61
91 48 54
92 48 61
95 48 61
96 48 56
97 48 61
98 48 62
99 48 66
100 48 60
104 48 58
106 48 52
107 48 65
1 49 55
3 49 62
5 49 46
8 49 72
10 49 66
12 49 51
13 49 77
14 49 63
15 49 70
18 49 80
19 49 67
20 49 65
21 49 63
22 49 75
25 49 72
26 49 64
27 49 58
28 49 71
29 49 65
32 49 65
33 49 66
34 49 67
37 49 74
39 49 69
40 49 68
41 49 67
42 49 68
43 49 71
44 49 70
45 49 73
46 49 67
47 49 74
48 49 60
51 49 69
52 49 69
53 49 68
54 49 67
55 49 68
56 49 68
57 49 68
58 49 68
59 49 69
60 49 69
62 49 70
63 49 72
65 49 63
66 49 72
67 49 67
68 49 75
69 49 72
70 49 80
71 49 76
74 49 64
75 49 72
79 49 65
80 49 65
81 49 65
82 49 67
83 49 71
86 49 67
92 49 67
95 49 67
99 49 72
104 49 64
107 49 71
3 50 60
6 50 79
8 50 70
10 50 64
12 50 49
15 50 67
16 50 63
18 50 79
19 50 65
21 50 60
22 50 73
24 50 86
25 50 70
26 50 61
27 50 56
28 50 68
29 50 63
31 50 45
33 50 64
34 50 65
36 50 52
37 50 72
38 50 67
39 50 66
40 50 66
41 50 64
42 50 65
43 50 69
44 50 68
45 50 71
46 50 65
47 50 72
51 50 67
52 50 66
53 50 66
54 50 65
55 50 66
56 50 66
57 50 66
58 50 65
60 50 67
62 50 68
63 50 70
64 50 57
65 50 61
66 50 70
67 50 65
68 50 73
69 50 70
70 50 79
71 50 74
74 50 62
75 50 70
76 50 64
77 50 76
78 50 49
79 50 62
80 50 62
81 50 62
82 50 65
83 50 69
86 50 64
92 50 65
95 50 65
100 50 63
107 50 69
1 51 43
3 51 50
5 51 34
8 51 61
9 51 75
10 51 55
13 51 67
14 51 51
15 51 59
16 51 54
18 51 72
19 51 56
21 51 51
22 51 65
25 51 61
26 51 52
28 51 60
29 51 54
32 51 53
33 51 54
34 51 56
36 51 43
37 51 64
38 51 58
39 51 58
40 51 57
41 51 55
42 51 56
43 51 60
44 51 59
45 51 63
46 51 56
47 51 64
48 51 49
49 51 34
50 51 49
52 51 57
53 51 57
54 51 56
55 51 57
56 51 57
57 51 57
58 51 56
59 51 58
60 51 58
61 51 41
62 51 59
63 51 62
65 51 52
66 51 62
67 51 56
68 51 65
69 51 61
70 51 72
71 51 67
73 51 43
74 51 53
75 51 61
76 51 55
77 51 68
79 51 53
80 51 53
81 51 53
82 51 56
83 51 60
86 51 55
91 51 49
92 51 56
95 51 56
96 51 50
97 51 55
98 51 57
99 51 61
104 51 53
106 51 46
107 51 60
1 52 44
3 52 51
8 52 62
10 52 55
13 52 68
14 52 52
15 52 59
16 52 54
18 52 72
19 52 57
21 52 52
22 52 66
25 52 62
28 52 61
29 52 55
32 52 54
33 52 55
34 52 56
37 52 65
38 52 59
39 52 58
40 52 58
41 52 56
42 52 57
43 52 61
44 52 60
45 52 63
46 52 57
47 52 64
48 52 49
50 52 50
51 52 59
53 52 57
54 52 57
55 52 58
56 52 58
57 52 58
58 52 57
59 52 58
60 52 59
61 52 42
62 52 60
63 52 63
64 52 49
65 52 52
66 52 62
67 52 57
68 52 66
69 52 62
70 52 72
71 52 67
74 52 53
75 52 62
76 52 56
77 52 69
79 52 54
80 52 54
81 52 54
82 52 56
83 52 61
86 52 56
91 52 50
92 52 57
95 52 57
96 52 51
98 52 58
100 52 55
104 52 53
107 52 61
1 53 42
2 53 42
3 53 50
5 53 34
8 53 60
10 53 54
13 53 66
14 53 51
15 53 58
16 53 53
18 53 71
19 53 55
21 53 50
22 53 65
25 53 60
26 53 51
27 53 46
28 53 59
29 53 53
31 53 36
32 53 52
33 53 54
34 53 55
36 53 42
37 53 63
38 53 57
39 53 57
40 53 56
41 53 55
42 53 56
43 53 59
44 53 58
45 53 62
46 53 55
47 53 63
48 53 48
49 53 34
50 53 48
51 53 57
52 53 57
54 53 55
55 53 56
56 53 56
57 53 57
58 53 56
59 53 57
60 53 57
62 53 58
63 53 61
64 53 47
65 53 51
66 53 61
67 53 55
68 53 64
69 53 61
70 53 71
71 53 66
74 53 52
75 53 60
76 53 54
77 53 68
79 53 52
80 53 52
81 53 52
82 53 55
83 53 59
86 53 55
91 53 48
92 53 55
95 53 55
96 53 50
97 53 55
98 53 56
100 53 53
104 53 52
107 53 59
1 54 42
2 54 41
3 54 49
8 54 60
10 54 53
13 54 66
14 54 50
15 54 57
16 54 52
18 54 71
19 54 55
21 54 49
22 54 64
25 54 60
26 54 51
27 54 45
28 54 59
29 54 52
32 54 52
33 54 53
34 54 54
36 54 41
37 54 63
38 54 57
39 54 56
40 54 56
41 54 54
42 54 55
43 54 59
44 54 57
45 54 61
46 54 55
47 54 62
48 54 47
49 54 33
51 54 57
52 54 56
53 54 55
55 54 56
56 54 55
57 54 56
58 54 55
59 54 56
60 54 57
61 54 40
62 54 58
63 54 61
64 54 47
65 54 50
66 54 60
67 54 55
68 54 64
69 54 60
70 54 70
71 54 65
73 54 41
74 54 51
75 54 60
76 54 54
77 54 67
79 54 52
80 54 52
81 54 52
82 54 54
83 54 59
86 54 54
91 54 48
92 54 55
95 54 55
96 54 49
97 54 54
98 54 56
100 54 53
102 54 38
104 54 51
106 54 45
107 54 59
1 55 44
3 55 51
8 55 62
10 55 55
13 55 68
14 55 52
15 55 59
16 55 54
18 55 72
19 55 56
21 55 51
22 55 66
25 55 62
26 55 52
28 55 60
29 55 54
31 55 37
32 55 53
33 55 55
34 55 56
36 55 43
37 55 64
38 55 59
39 55 58
40 55 58
41 55 56
42 55 57
43 55 61
44 55 59
45 55 63
46 55 56
47 55 64
48 55 49
50 55 50
51 55 58
52 55 58
53 55 57
54 55 56
56 55 57
57 55 58
58 55 57
59 55 58
60 55 58
61 55 42
62 55 60
63 55 62
64 55 48
65 55 52
66 55 62
67 55 57
68 55 66
69 55 62
70 55 72
71 55 67
74 55 53
75 55 61
76 55 56
77 55 69
79 55 54
80 55 54
81 55 54
82 55 56
83 55 61
86 55 56
91 55 49
92 55 57
95 55 56
96 55 51
98 55 58
99 55 62
100 55 55
104 55 53
107 55 60
3 56 54
8 56 64
10 56 58
13 56 70
14 56 55
15 56 62
16 56 57
18 56 74
19 56 59
21 56 54
22 56 69
25 56 65
27 56 50
29 56 57
31 56 40
32 56 56
33 56 58
34 56 59
37 56 67
38 56 62
39 56 61
40 56 61
41 56 59
42 56 60
43 56 63
44 56 62
45 56 66
46 56 59
47 56 67
48 56 52
50 56 53
51 56 61
52 56 61
53 56 60
54 56 59
55 56 61
57 56 61
58 56 60
60 56 61
62 56 63
63 56 65
65 56 55
66 56 65
67 56 60
68 56 68
69 56 65
70 56 74
71 56 70
75 56 64
77 56 71
79 56 57
80 56 57
81 56 57
82 56 59
83 56 63
86 56 59
91 56 53
92 56 60
95 56 59
96 56 54
97 56 59
98 56 61
104 56 56
107 56 63
1 57 43
3 57 51
5 57 35
8 57 61
10 57 55
13 57 67
14 57 52
16 57 54
18 57 72
19 57 56
21 57 51
22 57 66
24 57 81
25 57 62
26 57 52
28 57 60
29 57 54
32 57 53
33 57 55
34 57 56
37 57 64
38 57 59
39 57 58
40 57 58
41 57 56
42 57 57
43 57 60
44 57 59
45 57 63
46 57 56
47 57 64
48 57 49
50 57 49
51 57 58
52 57 58
53 57 57
54 57 56
55 57 57
56 57 57
58 57 57
59 57 58
60 57 58
61 57 41
62 57 60
63 57 62
64 57 48
65 57 52
66 57 62
67 57 57
68 57 65
69 57 62
70 57 72
71 57 67
74 57 53
75 57 61
76 57 56
77 57 69
79 57 54
80 57 54
81 57 54
82 57 56
83 57 60
86 57 56
91 57 49
92 57 57
95 57 56
96 57 51
98 57 58
100 57 55
104 57 53
107 57 60
1 58 44
3 58 51
5 58 35
8 58 62
10 58 55
13 58 68
14 58 52
15 58 59
16 58 54
18 58 72
19 58 57
21 58 52
22 58 66
25 58 62
27 58 47
28 58 61
29 58 55
32 58 54
33 58 55
34 58 56
37 58 65
38 58 59
39 58 58
40 58 58
41 58 56
42 58 57
43 58 61
44 58 60
45 58 63
46 58 57
47 58 64
48 58 49
49 58 35
50 58 50
51 58 59
52 58 58
53 58 58
54 58 57
55 58 58
56 58 58
57 58 58
59 58 58
60 58 59
62 58 60
63 58 63
65 58 53
66 58 62
67 58 57
68 58 66
69 58 62
70 58 72
71 58 67
74 58 53
75 58 62
76 58 56
77 58 69
79 58 54
80 58 54
81 58 54
82 58 56
83 58 61
86 58 56
91 58 50
92 58 57
95 58 57
96 58 51
97 58 56
98 58 58
100 58 55
104 58 53
107 58 61
1 59 31
2 59 31
3 59 38
5 59 24
8 59 49
9 59 64
10 59 42
13 59 55
14 59 39
15 59 46
16 59 41
18 59 60
19 59 43
21 59 38
22 59 53
24 59 72
25 59 49
26 59 39
27 59 34
28 59 47
29 59 41
31 59 26
32 59 40
33 59 42
34 59 43
36 59 31
37 59 52
38 59 46
39 59 45
40 59 45
41 59 43
42 59 44
43 59 48
44 59 46
45 59 50
46 59 43
47 59 51
48 59 36
49 59 24
50 59 37
51 59 45
52 59 45
53 59 44
54 59 43
55 59 44
56 59 44
57 59 45
58 59 44
60 59 45
61 59 30
62 59 47
63 59 49
64 59 36
65 59 39
66 59 49
67 59 44
68 59 53
69 59 49
70 59 60
71 59 54
73 59 31
74 59 40
75 59 48
76 59 43
77 59 56
78 59 29
79 59 41
80 59 41
81 59 41
82 59 43
83 59 48
86 59 43
91 59 37
92 59 44
95 59 43
96 59 38
97 59 43
98 59 45
99 59 49
100 59 42
101 59 15
102 59 28
103 59 32
104 59 40
105 59 21
106 59 34
107 59 47
114 59 11
1 60 37
3 60 44
5 60 28
8 60 54
9 60 69
10 60 48
13 60 61
14 60 45
15 60 52
16 60 47
18 60 66
19 60 49
21 60 44
22 60 59
24 60 76
25 60 55
26 60 45
27 60 40
28 60 53
29 60 47
31 60 30
32 60 46
33 60 48
34 60 49
36 60 36
37 60 58
38 60 51
39 60 51
40 60 50
41 60 49
42 60 50
43 60 53
44 60 52
45 60 56
46 60 49
47 60 57
48 60 42
49 60 29
50 60 42
51 60 51
52 60 51
53 60 50
54 60 49
55 60 50
56 60 50
57 60 51
58 60 50
59 60 51
61 60 35
62 60 52
63 60 55
64 60 41
65 60 45
66 60 55
67 60 49
68 60 59
69 60 55
70 60 66
71 60 60
74 60 46
75 60 54
76 60 48
77 60 62
78 60 34
79 60 46
80 60 46
81 60 46
82 60 49
83 60 53
86 60 49
91 60 42
92 60 49
95 60 49
96 60 44
97 60 49
98 60 50
99 60 54
100 60 47
104 60 46
105 60 25
106 60 39
107 60 53
3 61 55
8 61 66
9 61 78
10 61 59
12 61 44
13 61 71
14 61 56
15 61 63
16 61 58
17 61 70
18 61 75
19 61 61
21 61 56
22 61 70
24 61 84
25 61 66
26 61 57
28 61 64
29 61 58
30 61 57
31 61 41
32 61 58
33 61 59
34 61 60
36 61 47
37 61 68
38 61 63
39 61 62
40 61 62
41 61 60
42 61 61
43 61 65
44 61 63
45 61 67
46 61 61
47 61 68
50 61 54
51 61 63
52 61 62
53 61 61
54 61 61
55 61 62
56 61 61
57 61 62
58 61 61
59 61 62
60 61 63
62 61 64
63 61 66
64 61 53
65 61 57
66 61 66
67 61 61
68 61 69
69 61 66
70 61 75
71 61 71
73 61 47
74 61 57
75 61 65
76 61 60
77 61 72
78 61 45
79 61 58
80 61 58
81 61 58
82 61 60
83 61 65
86 61 60
92 61 61
95 61 61
96 61 55
98 61 62
99 61 66
100 61 59
102 61 44
107 61 64
2 62 34
3 62 41
5 62 26
8 62 52
9 62 67
10 62 45
12 62 31
13 62 58
14 62 42
15 62 49
16 62 44
17 62 56
18 62 64
19 62 47
21 62 42
22 62 57
24 62 75
25 62 52
26 62 43
27 62 37
28 62 51
29 62 44
31 62 28
32 62 44
33 62 45
34 62 46
36 62 34
37 62 55
38 62 49
39 62 48
40 62 48
41 62 46
42 62 47
43 62 51
44 62 50
45 62 54
46 62 47
47 62 55
48 62 39
49 62 27
50 62 40
51 62 49
52 62 48
53 62 47
54 62 47
55 62 48
56 62 48
57 62 48
58 62 47
59 62 48
60 62 49
61 62 32
63 62 53
64 62 39
65 62 42
66 62 53
67 62 47
68 62 56
69 62 52
70 62 63
71 62 58
73 62 34
74 62 43
75 62 52
76 62 46
77 62 60
78 62 32
79 62 44
80 62 44
81 62 44
82 62 46
83 62 51
86 62 46
91 62 40
92 62 47
95 62 47
96 62 41
97 62 46
98 62 48
99 62 52
100 62 45
102 62 31
103 62 35
104 62 43
106 62 37
107 62 51
114 62 12
1 63 37
2 63 37
3 63 44
5 63 29
8 63 55
10 63 49
12 63 34
13 63 62
14 63 45
15 63 53
16 63 48
18 63 66
19 63 50
21 63 45
22 63 60
24 63 77
25 63 55
26 63 46
27 63 40
28 63 54
29 63 48
31 63 31
32 63 47
33 63 48
34 63 50
35 63 21
36 63 37
37 63 58
38 63 52
39 63 52
40 63 51
41 63 49
42 63 50
43 63 54
44 63 53
45 63 57
46 63 50
47 63 58
48 63 42
49 63 29
50 63 43
51 63 52
52 63 51
53 63 51
54 63 50
55 63 51
56 63 51
57 63 51
58 63 50
59 63 52
60 63 52
61 63 35
62 63 53
64 63 42
65 63 46
66 63 56
67 63 50
68 63 59
69 63 55
70 63 66
71 63 61
73 63 37
74 63 47
75 63 55
76 63 49
77 63 63
78 63 34
79 63 47
80 63 47
81 63 47
82 63 50
83 63 54
86 63 49
91 63 43
92 63 50
95 63 50
96 63 44
97 63 49
98 63 51
99 63 55
100 63 48
104 63 47
105 63 25
106 63 40
107 63 54
114 63 14
6 64 80
8 64 71
10 64 65
16 64 64
18 64 80
19 64 66
21 64 62
22 64 75
24 64 87
25 64 71
26 64 63
28 64 70
29 64 64
32 64 64
33 64 65
34 64 66
37 64 73
38 64 68
39 64 68
40 64 67
41 64 66
42 64 67
43 64 70
44 64 69
45 64 72
46 64 66
47 64 73
48 64 59
50 64 60
51 64 68
52 64 68
53 64 67
54 64 66
55 64 67
56 64 67
57 64 68
58 64 67
60 64 68
62 64 69
63 64 72
65 64 62
66 64 71
67 64 67
68 64 74
69 64 71
70 64 80
71 64 75
74 64 63
75 64 71
76 64 66
77 64 77
79 64 64
80 64 64
81 64 64
82 64 66
83 64 70
86 64 66
92 64 66
95 64 66
96 64 61
98 64 67
100 64 65
107 64 70
1 65 37
3 65 44
4 65 44
5 65 29
8 65 55
9 65 70
10 65 48
12 65 33
13 65 61
14 65 45
15 65 52
16 65 47
18 65 66
19 65 50
20 65 47
22 65 60
24 65 77
25 65 55
26 65 46
27 65 40
28 65 54
29 65 47
31 65 31
32 65 47
33 65 48
34 65 49
36 65 37
37 65 58
39 65 51
40 65 51
41 65 49
42 65 50
43 65 54
44 65 53
45 65 57
46 65 50
47 65 58
48 65 42
49 65 29
50 65 43
51 65 52
52 65 51
53 65 50
54 65 50
55 65 51
56 65 51
57 65 51
58 65 50
59 65 51
60 65 52
61 65 35
62 65 53
63 65 56
64 65 42
66 65 56
67 65 50
68 65 59
69 65 55
70 65 66
71 65 61
73 65 37
74 65 46
75 65 55
76 65 49
77 65 63
78 65 34
79 65 47
80 65 47
81 65 47
82 65 49
83 65 54
86 65 49
91 65 43
92 65 50
95 65 50
96 65 44
97 65 49
98 65 51
99 65 55
100 65 48
101 65 18
102 65 34
104 65 46
106 65 40
107 65 54
3 66 60
8 66 69
10 66 64
12 66 48
14 66 60
16 66 63
18 66 79
19 66 65
22 66 73
25 66 70
26 66 61
27 66 56
28 66 68
29 66 63
32 66 62
33 66 63
34 66 64
37 66 72
38 66 67
39 66 66
40 66 66
41 66 64
42 66 65
43 66 68
44 66 67
45 66 71
46 66 65
47 66 72
48 66 58
49 66 43
50 66 58
53 66 65
54 66 65
55 66 66
56 66 66
57 66 66
60 66 67
62 66 68
63 66 70
64 66 57
65 66 61
67 66 65
68 66 73
69 66 70
70 66 78
71 66 74
73 66 52
74 66 62
75 66 69
76 66 64
77 66 76
78 66 49
79 66 62
80 66 62
81 66 62
82 66 64
83 66 68
86 66 64
92 66 65
95 66 65
104 66 62
106 66 55
2 67 42
3 67 49
5 67 33
6 67 72
8 67 60
10 67 54
13 67 66
14 67 50
15 67 58
16 67 53
18 67 71
19 67 55
20 67 53
21 67 50
22 67 65
24 67 80
25 67 60
26 67 51
27 67 45
28 67 59
29 67 53
31 67 35
32 67 52
33 67 53
34 67 55
35 67 25
37 67 63
38 67 57
39 67 57
40 67 56
41 67 54
42 67 55
43 67 59
44 67 58
45 67 62
46 67 55
47 67 63
48 67 48
49 67 34
50 67 48
51 67 57
52 67 56
53 67 56
54 67 55
55 67 56
56 67 56
57 67 56
58 67 55
59 67 57
60 67 57
61 67 40
62 67 58
63 67 61
64 67 47
65 67 51
66 67 61
68 67 64
69 67 60
70 67 71
71 67 66
73 67 42
74 67 52
75 67 60
76 67 54
77 67 67
78 67 39
79 67 52
80 67 52
81 67 52
82 67 55
83 67 59
86 67 54
91 67 48
92 67 55
95 67 55
96 67 49
97 67 54
98 67 56
99 67 60
107 67 59
114 67 16
3 68 60
8 68 70
10 68 64
14 68 61
16 68 63
18 68 79
19 68 65
22 68 73
25 68 70
28 68 68
29 68 63
32 68 62
33 68 64
34 68 65
37 68 72
38 68 67
39 68 66
40 68 66
41 68 64
42 68 65
43 68 69
44 68 68
45 68 71
47 68 72
48 68 58
50 68 59
53 68 66
54 68 65
55 68 66
56 68 66
57 68 66
60 68 67
63 68 70
64 68 57
66 68 70
67 68 65
69 68 70
70 68 79
71 68 74
73 68 52
74 68 62
75 68 70
76 68 64
77 68 76
78 68 49
79 68 62
80 68 62
81 68 62
82 68 65
83 68 69
92 68 65
95 68 65
104 68 62
106 68 56
1 69 36
2 69 35
3 69 43
5 69 28
6 69 66
8 69 54
9 69 69
10 69 47
12 69 32
13 69 60
14 69 44
15 69 51
16 69 46
18 69 65
19 69 48
20 69 46
21 69 43
22 69 58
24 69 76
25 69 54
26 69 44
27 69 39
28 69 52
29 69 46
31 69 30
32 69 45
33 69 47
34 69 48
35 69 20
36 69 35
37 69 57
38 69 51
39 69 50
40 69 50
41 69 48
42 69 49
43 69 52
44 69 51
45 69 55
46 69 48
47 69 56
48 69 41
49 69 28
50 69 42
51 69 50
52 69 50
53 69 49
54 69 48
55 69 49
56 69 49
57 69 50
58 69 49
59 69 50
60 69 50
61 69 34
62 69 52
63 69 54
64 69 40
65 69 44
66 69 54
67 69 49
68 69 58
70 69 65
71 69 59
73 69 35
74 69 45
75 69 53
76 69 47
77 69 61
78 69 33
79 69 45
80 69 46
81 69 45
82 69 48
83 69 52
86 69 48
91 69 41
92 69 49
95 69 48
96 69 43
97 69 48
98 69 50
99 69 54
100 69 47
102 69 32
107 69 52
114 69 13
2 70 45
3 70 53
8 70 63
9 70 77
10 70 57
12 70 41
13 70 69
16 70 56
18 70 73
19 70 58
21 70 53
22 70 67
24 70 82
25 70 63
26 70 54
27 70 49
28 70 62
29 70 56
31 70 38
32 70 55
33 70 57
34 70 58
37 70 66
38 70 60
39 70 60
40 70 59
41 70 58
42 70 59
43 70 62
44 70 61
45 70 65
46 70 58
47 70 66
48 70 51
49 70 36
50 70 51
51 70 60
52 70 60
53 70 59
54 70 58
55 70 59
56 70 59
57 70 59
58 70 59
59 70 60
60 70 60
62 70 61
63 70 64
64 70 50
66 70 64
67 70 58
68 70 67
69 70 63
71 70 68
73 70 45
74 70 55
75 70 63
76 70 57
77 70 70
78 70 42
79 70 55
80 70 55
81 70 55
82 70 58
83 70 62
86 70 57
92 70 58
95 70 58
96 70 53
98 70 59
99 70 63
106 70 48
1 71 33
2 71 33
3 71 40
5 71 25
8 71 50
9 71 66
10 71 44
12 71 30
13 71 57
14 71 41
15 71 48
16 71 43
18 71 62
19 71 45
21 71 40
22 71 55
24 71 73
25 71 51
26 71 41
27 71 36
28 71 49
29 71 43
32 71 42
33 71 44
34 71 45
36 71 33
37 71 54
38 71 47
39 71 47
40 71 46
41 71 45
42 71 46
43 71 49
44 71 48
45 71 52
46 71 45
47 71 53
48 71 38
49 71 25
50 71 39
51 71 47
52 71 47
53 71 46
54 71 45
55 71 46
56 71 46
57 71 47
58 71 46
59 71 47
60 71 47
61 71 31
62 71 48
63 71 51
64 71 37
65 71 41
66 71 51
67 71 45
68 71 55
69 71 51
70 71 62
74 71 42
75 71 50
76 71 44
77 71 58
78 71 30
79 71 42
80 71 42
81 71 42
82 71 45
83 71 49
86 71 45
91 71 38
92 71 45
95 71 45
96 71 40
97 71 45
98 71 46
99 71 50
100 71 43
104 71 42
107 71 49
8 72 80
9 72 88
13 72 84
14 72 73
15 72 78
18 72 87
22 72 83
29 72 75
34 72 76
36 72 65
37 72 82
39 72 78
40 72 77
41 72 76
43 72 79
44 72 78
45 72 81
46 72 76
47 72 82
50 72 71
51 72 78
52 72 77
54 72 76
55 72 77
56 72 77
58 72 77
59 72 77
60 72 78
62 72 79
64 72 70
65 72 73
66 72 80
67 72 77
68 72 83
69 72 80
70 72 86
71 72 83
76 72 76
78 72 63
79 72 74
80 72 74
81 72 74
82 72 76
83 72 79
86 72 76
95 72 76
3 73 64
10 73 68
13 73 78
14 73 65
15 73 72
18 73 82
19 73 69
21 73 65
22 73 77
25 73 74
28 73 73
32 73 67
33 73 68
34 73 69
37 73 76
38 73 71
39 73 71
40 73 70
41 73 69
42 73 70
43 73 73
44 73 72
45 73 75
46 73 69
47 73 76
50 73 63
51 73 71
52 73 71
53 73 70
54 73 69
55 73 70
56 73 70
57 73 70
58 73 70
59 73 71
60 73 71
63 73 74
64 73 62
65 73 66
66 73 74
67 73 70
68 73 77
69 73 74
70 73 82
71 73 78
74 73 66
75 73 73
76 73 69
78 73 54
79 73 67
80 73 67
81 73 67
82 73 69
83 73 73
86 73 69
91 73 63
95 73 69
100 73 68
2 74 45
3 74 53
5 74 37
6 74 74
8 74 63
10 74 57
13 74 69
14 74 54
15 74 61
16 74 56
18 74 74
19 74 58
20 74 56
21 74 53
22 74 68
24 74 82
25 74 64
26 74 55
27 74 49
28 74 62
29 74 56
32 74 56
33 74 57
34 74 58
36 74 45
37 74 66
38 74 61
39 74 60
40 74 60
41 74 58
42 74 59
43 74 62
44 74 61
45 74 65
46 74 58
47 74 66
48 74 51
49 74 37
50 74 52
51 74 60
52 74 60
53 74 59
54 74 58
55 74 60
56 74 59
57 74 60
58 74 59
59 74 60
60 74 60
62 74 62
63 74 64
64 74 50
65 74 54
66 74 64
67 74 59
68 74 67
69 74 64
70 74 74
71 74 69
75 74 63
76 74 58
77 74 70
78 74 43
79 74 56
80 74 56
81 74 56
82 74 58
83 74 62
86 74 58
91 74 52
92 74 59
95 74 58
96 74 53
97 74 58
98 74 60
99 74 63
104 74 55
106 74 49
107 74 62
114 74 18
3 75 66
8 75 75
10 75 70
16 75 69
18 75 83
22 75 78
25 75 75
26 75 67
27 75 62
28 75 74
33 75 69
34 75 70
37 75 77
38 75 72
39 75 72
40 75 72
41 75 70
42 75 71
43 75 74
44 75 73
45 75 76
46 75 71
47 75 77
49 75 50
50 75 65
51 75 72
52 75 72
53 75 71
54 75 71
55 75 72
56 75 71
57 75 72
58 75 71
60 75 72
62 75 73
63 75 75
64 75 64
66 75 75
68 75 78
69 75 75
70 75 83
71 75 79
73 75 58
74 75 68
76 75 70
77 75 80
78 75 56
79 75 68
80 75 68
81 75 68
82 75 70
83 75 74
86 75 70
92 75 71
106 75 62
3 76 48
9 76 73
10 76 52
13 76 65
16 76 51
18 76 70
19 76 54
21 76 49
22 76 63
24 76 80
25 76 59
28 76 58
29 76 52
32 76 51
34 76 53
36 76 41
37 76 62
38 76 56
39 76 55
40 76 55
41 76 53
42 76 54
43 76 58
44 76 57
45 76 61
46 76 54
47 76 62
48 76 46
50 76 47
51 76 56
52 76 55
53 76 55
54 76 54
55 76 55
56 76 55
57 76 55
58 76 54
60 76 56
62 76 57
63 76 60
64 76 46
66 76 60
67 76 54
68 76 63
69 76 59
70 76 70
71 76 65
72 76 14
73 76 40
74 76 50
75 76 59
77 76 66
78 76 38
79 76 51
80 76 51
81 76 51
82 76 53
83 76 58
86 76 53
91 76 47
92 76 54
95 76 54
96 76 48
97 76 53
98 76 55
99 76 59
100 76 52
101 76 21
102 76 38
103 76 42
104 76 50
105 76 28
106 76 44
107 76 58
1 77 27
2 77 27
3 77 33
4 77 33
5 77 20
8 77 44
9 77 59
10 77 37
12 77 24
13 77 50
14 77 34
15 77 41
16 77 36
18 77 55
19 77 38
21 77 34
22 77 48
24 77 68
25 77 44
27 77 30
28 77 42
29 77 36
31 77 22
32 77 36
33 77 37
34 77 38
36 77 27
37 77 47
38 77 41
39 77 40
40 77 40
41 77 38
42 77 39
43 77 42
44 77 41
45 77 45
46 77 38
47 77 46
48 77 32
49 77 20
50 77 32
51 77 40
52 77 40
53 77 39
54 77 38
55 77 40
56 77 39
57 77 40
58 77 39
59 77 40
60 77 40
61 77 25
62 77 42
63 77 44
64 77 31
65 77 34
66 77 44
67 77 39
68 77 48
69 77 44
70 77 55
71 77 49
73 77 27
74 77 35
75 77 43
76 77 38
78 77 25
79 77 36
80 77 36
81 77 36
82 77 38
83 77 42
84 77 3
86 77 38
91 77 32
92 77 39
95 77 38
96 77 33
97 77 38
98 77 40
99 77 44
100 77 37
101 77 12
102 77 24
103 77 28
104 77 35
105 77 18
106 77 30
107 77 42
114 77 9
6 78 84
8 78 76
10 78 71
13 78 80
18 78 84
21 78 67
22 78 79
25 78 76
26 78 68
28 78 75
33 78 70
34 78 72
36 78 60
37 78 78
39 78 73
40 78 73
41 78 71
42 78 72
43 78 75
44 78 74
45 78 77
46 78 72
47 78 78
48 78 65
50 78 66
51 78 73
52 78 73
53 78 72
54 78 72
55 78 73
56 78 72
57 78 73
58 78 72
59 78 73
60 78 73
62 78 74
63 78 76
65 78 68
66 78 76
67 78 72
68 78 79
69 78 76
70 78 83
71 78 80
75 78 76
76 78 71
77 78 81
79 78 69
80 78 70
81 78 69
82 78 72
83 78 75
86 78 71
1 79 42
2 79 42
3 79 50
5 79 34
6 79 72
8 79 60
10 79 54
13 79 66
14 79 50
15 79 58
16 79 53
18 79 71
19 79 55
21 79 50
22 79 65
24 79 80
25 79 60
26 79 51
27 79 46
28 79 59
29 79 53
31 79 36
32 79 52
33 79 53
34 79 55
36 79 42
37 79 63
38 79 57
39 79 57
40 79 56
41 79 54
42 79 56
43 79 59
44 79 58
45 79 62
46 79 55
47 79 63
48 79 48
49 79 34
50 79 48
51 79 57
52 79 57
53 79 56
54 79 55
55 79 56
56 79 56
57 79 56
58 79 55
59 79 57
60 79 57
62 79 58
63 79 61
64 79 47
65 79 51
66 79 61
67 79 55
68 79 64
69 79 60
70 79 71
71 79 66
74 79 52
75 79 60
76 79 54
77 79 68
78 79 39
80 79 52
81 79 52
82 79 55
83 79 59
86 79 54
91 79 48
92 79 55
95 79 55
96 79 50
97 79 54
98 79 56
104 79 52
106 79 45
107 79 59
114 79 16
1 80 42
2 80 42
3 80 49
5 80 33
6 80 72
8 80 60
10 80 54
14 80 50
15 80 58
16 80 53
18 80 71
19 80 55
21 80 50
22 80 64
25 80 60
26 80 51
27 80 45
28 80 59
29 80 53
31 80 35
32 80 52
33 80 53
34 80 55
36 80 42
37 80 63
38 80 57
39 80 57
40 80 56
41 80 54
42 80 55
43 80 59
44 80 58
45 80 62
46 80 55
47 80 63
48 80 48
49 80 33
50 80 48
51 80 57
52 80 56
53 80 56
54 80 55
55 80 56
56 80 56
57 80 56
58 80 55
59 80 57
60 80 57
62 80 58
63 80 61
64 80 47
65 80 51
66 80 61
67 80 55
68 80 64
69 80 60
70 80 71
71 80 66
74 80 52
75 80 60
76 80 54
77 80 67
78 80 39
79 80 52
81 80 52
82 80 55
83 80 59
86 80 54
91 80 48
92 80 55
95 80 55
96 80 49
98 80 56
100 80 53
104 80 52
106 80 45
107 80 59
114 80 16
1 81 41
2 81 40
3 81 48
5 81 32
6 81 70
8 81 59
10 81 52
13 81 65
14 81 49
15 81 56
16 81 51
18 81 70
19 81 54
21 81 48
22 81 63
25 81 59
26 81 50
27 81 44
28 81 57
29 81 51
31 81 34
32 81 51
33 81 52
34 81 53
36 81 40
37 81 62
38 81 56
39 81 55
40 81 55
41 81 53
42 81 54
43 81 58
44 81 56
45 81 60
46 81 54
47 81 61
48 81 46
49 81 32
50 81 47
51 81 56
52 81 55
53 81 54
54 81 53
55 81 55
56 81 54
57 81 55
58 81 54
59 81 55
60 81 56
61 81 39
62 81 57
63 81 60
64 81 45
65 81 49
66 81 59
67 81 54
68 81 63
69 81 59
70 81 69
71 81 64
74 81 50
75 81 59
76 81 53
77 81 66
78 81 38
79 81 51
80 81 51
82 81 53
83 81 58
86 81 53
91 81 47
92 81 54
95 81 53
96 81 48
98 81 55
100 81 52
104 81 50
106 81 44
107 81 57
114 81 16
1 82 35
2 82 34
3 82 41
5 82 27
8 82 52
9 82 67
10 82 46
13 82 59
14 82 42
15 82 50
16 82 45
18 82 64
19 82 47
21 82 42
22 82 57
24 82 75
25 82 52
26 82 43
27 82 38
28 82 51
29 82 45
31 82 28
32 82 44
33 82 45
34 82 47
36 82 34
37 82 55
38 82 49
39 82 49
40 82 48
41 82 46
42 82 47
43 82 51
44 82 50
45 82 54
46 82 47
47 82 55
48 82 40
49 82 27
50 82 40
51 82 49
52 82 48
53 82 48
54 82 47
55 82 48
56 82 48
57 82 48
58 82 47
59 82 49
60 82 49
61 82 33
62 82 50
63 82 53
64 82 39
65 82 43
66 82 53
67 82 47
68 82 56
69 82 52
70 82 64
71 82 58
72 82 11
73 82 34
74 82 44
75 82 52
76 82 46
77 82 60
78 82 32
79 82 44
80 82 44
81 82 44
83 82 51
86 82 46
91 82 40
92 82 47
95 82 47
96 82 41
97 82 46
98 82 48
99 82 52
100 82 45
101 82 17
102 82 31
103 82 35
104 82 44
105 82 23
106 82 37
107 82 51
114 82 12
1 83 41
2 83 41
3 83 48
5 83 32
8 83 59
10 83 53
12 83 37
13 83 65
14 83 49
15 83 57
16 83 52
18 83 70
19 83 54
20 83 52
21 83 49
22 83 63
25 83 59
26 83 50
27 83 44
28 83 58
29 83 52
31 83 34
32 83 51
33 83 52
34 83 54
35 83 24
36 83 41
37 83 62
38 83 56
39 83 56
40 83 55
41 83 53
42 83 54
43 83 58
44 83 57
45 83 61
46 83 54
47 83 62
48 83 46
49 83 33
50 83 47
51 83 56
52 83 55
53 83 55
54 83 54
55 83 55
56 83 55
57 83 55
58 83 54
59 83 55
60 83 56
61 83 39
62 83 57
63 83 60
64 83 46
65 83 50
66 83 60
67 83 54
68 83 63
69 83 59
70 83 70
71 83 65
73 83 41
74 83 51
75 83 59
76 83 53
77 83 66
78 83 38
79 83 51
80 83 51
81 83 51
82 83 54
86 83 53
92 83 54
95 83 54
96 83 48
97 83 53
98 83 55
100 83 52
107 83 58
114 83 16
1 84 75
2 84 74
8 84 86
9 84 92
13 84 89
15 84 85
16 84 82
18 84 91
26 84 81
28 84 85
37 84 87
38 84 84
40 84 84
42 84 83
43 84 85
45 84 87
47 84 87
63 84 86
69 84 86
70 84 91
71 84 89
77 84 89
83 84 85
95 84 83
97 84 83
100 84 82
114 84 44
5 85 0
22 85 0
23 85 1
37 85 0
49 85 0
51 85 0
53 85 0
54 85 0
55 85 0
56 85 0
58 85 0
65 85 0
77 85 1
114 85 0
1 86 44
2 86 44
3 86 52
5 86 36
6 86 74
8 86 62
10 86 56
13 86 68
14 86 53
15 86 60
16 86 55
18 86 73
19 86 57
20 86 55
21 86 52
22 86 67
24 86 82
25 86 63
26 86 53
27 86 48
28 86 61
29 86 55
31 86 38
32 86 54
33 86 56
34 86 57
35 86 27
36 86 44
37 86 65
38 86 60
39 86 59
40 86 59
41 86 57
42 86 58
43 86 61
44 86 60
45 86 64
46 86 57
47 86 65
48 86 50
49 86 36
50 86 51
51 86 59
52 86 59
53 86 58
54 86 57
55 86 58
56 86 58
57 86 59
58 86 58
59 86 59
60 86 59
62 86 61
63 86 63
64 86 49
66 86 63
67 86 58
68 86 66
69 86 63
70 86 73
71 86 68
73 86 44
74 86 54
75 86 62
76 86 57
77 86 70
78 86 41
79 86 55
80 86 55
81 86 55
82 86 57
83 86 61
92 86 58
95 86 57
96 86 52
97 86 57
98 86 59
99 86 62
104 86 54
107 86 61
114 86 18
3 87 42
5 87 27
8 87 53
9 87 68
10 87 46
12 87 32
13 87 60
14 87 43
15 87 51
16 87 45
18 87 65
19 87 48
21 87 43
22 87 58
24 87 75
25 87 53
26 87 44
27 87 38
28 87 52
29 87 46
31 87 29
32 87 45
33 87 46
34 87 47
36 87 35
37 87 56
38 87 50
39 87 49
40 87 49
41 87 47
42 87 48
43 87 52
44 87 51
45 87 55
46 87 48
47 87 56
48 87 40
49 87 27
50 87 41
51 87 50
52 87 49
53 87 49
54 87 48
55 87 49
56 87 49
57 87 49
58 87 48
59 87 49
60 87 50
61 87 33
62 87 51
63 87 54
64 87 40
65 87 44
66 87 54
67 87 48
68 87 57
69 87 53
70 87 64
71 87 59
73 87 35
74 87 44
75 87 53
76 87 47
77 87 61
78 87 33
79 87 45
80 87 45
81 87 45
82 87 47
83 87 52
86 87 47
91 87 41
92 87 48
95 87 48
96 87 42
97 87 47
98 87 49
99 87 53
100 87 46
102 87 32
104 87 44
106 87 38
107 87 52
114 87 13
3 88 50
5 88 34
6 88 72
8 88 60
10 88 54
14 88 50
15 88 58
16 88 53
18 88 71
19 88 55
21 88 50
22 88 65
25 88 60
26 88 51
28 88 59
29 88 53
32 88 52
33 88 54
34 88 55
36 88 42
37 88 63
38 88 57
39 88 57
40 88 56
41 88 55
42 88 56
43 88 59
44 88 58
45 88 62
46 88 55
47 88 63
48 88 48
49 88 34
50 88 48
51 88 57
52 88 57
53 88 56
54 88 55
55 88 56
56 88 56
57 88 57
58 88 56
59 88 57
60 88 57
62 88 58
63 88 61
64 88 47
65 88 51
66 88 61
67 88 55
68 88 64
69 88 61
70 88 71
71 88 66
74 88 52
75 88 60
76 88 54
77 88 68
79 88 52
80 88 52
81 88 52
82 88 55
83 88 59
86 88 54
91 88 48
92 88 55
95 88 55
96 88 50
97 88 55
98 88 56
104 88 52
106 88 45
107 88 59
114 88 16
3 89 48
5 89 32
8 89 59
10 89 52
12 89 37
13 89 65
14 89 49
15 89 56
16 89 51
18 89 70
19 89 54
21 89 48
22 89 63
24 89 79
25 89 59
26 89 50
27 89 44
28 89 57
29 89 51
31 89 34
32 89 51
33 89 52
34 89 53
35 89 24
36 89 40
37 89 62
38 89 56
39 89 55
40 89 55
41 89 53
42 89 54
43 89 58
44 89 56
45 89 60
46 89 53
47 89 61
48 89 46
49 89 32
50 89 47
51 89 55
52 89 55
53 89 54
54 89 53
55 89 55
56 89 54
57 89 55
58 89 54
59 89 55
60 89 56
61 89 39
62 89 57
63 89 60
64 89 45
65 89 49
66 89 59
67 89 54
68 89 63
69 89 59
70 89 69
71 89 64
73 89 40
74 89 50
75 89 59
76 89 53
77 89 66
79 89 51
80 89 51
81 89 51
82 89 53
83 89 58
86 89 53
91 89 47
92 89 54
95 89 53
96 89 48
97 89 53
98 89 55
99 89 59
100 89 52
104 89 50
105 89 28
107 89 57
114 89 16
3 90 48
5 90 32
8 90 59
9 90 73
10 90 52
13 90 65
14 90 49
15 90 56
16 90 51
17 90 63
18 90 69
19 90 53
21 90 48
22 90 63
24 90 79
25 90 59
26 90 49
27 90 44
28 90 57
29 90 51
32 90 50
33 90 52
34 90 53
35 90 24
36 90 40
37 90 62
38 90 56
39 90 55
40 90 55
41 90 53
42 90 54
43 90 57
44 90 56
45 90 60
46 90 53
47 90 61
48 90 46
49 90 32
50 90 46
51 90 55
52 90 55
53 90 54
54 90 53
55 90 54
56 90 54
57 90 55
58 90 54
59 90 55
60 90 55
61 90 38
62 90 57
63 90 59
64 90 45
65 90 49
66 90 59
67 90 54
68 90 63
69 90 59
70 90 69
71 90 64
74 90 50
75 90 58
76 90 53
77 90 66
78 90 38
79 90 51
80 90 51
81 90 51
82 90 53
83 90 57
86 90 53
91 90 46
92 90 54
95 90 53
96 90 48
97 90 53
98 90 55
100 90 52
104 90 50
105 90 28
107 90 57
114 90 15
1 91 41
3 91 48
5 91 32
8 91 59
9 91 73
10 91 52
13 91 65
14 91 49
15 91 56
16 91 51
17 91 63
18 91 70
19 91 53
20 91 51
21 91 48
22 91 63
23 91 76
24 91 79
25 91 59
26 91 49
27 91 44
28 91 57
29 91 51
31 91 34
32 91 50
33 91 52
34 91 53
35 91 24
36 91 40
37 91 62
38 91 56
39 91 55
40 91 55
41 91 53
42 91 54
43 91 58
44 91 56
45 91 60
46 91 53
47 91 61
48 91 46
50 91 47
51 91 55
52 91 55
53 91 54
54 91 53
55 91 55
56 91 54
57 91 55
58 91 54
59 91 55
60 91 56
61 91 39
62 91 57
63 91 59
64 91 45
65 91 49
66 91 59
67 91 54
68 91 63
69 91 59
70 91 69
71 91 64
73 91 40
74 91 50
75 91 59
76 91 53
77 91 66
78 91 38
79 91 51
80 91 51
81 91 51
82 91 53
83 91 58
86 91 53
92 91 54
95 91 53
96 91 48
97 91 53
98 91 55
100 91 52
104 91 50
105 91 28
107 91 57
114 91 16
1 92 38
2 92 37
3 92 45
5 92 30
8 92 56
9 92 71
10 92 49
13 92 62
14 92 46
15 92 53
16 92 48
18 92 67
19 92 50
21 92 45
22 92 60
24 92 77
25 92 56
26 92 46
27 92 41
28 92 54
29 92 48
31 92 31
32 92 47
33 92 49
34 92 50
36 92 37
37 92 59
38 92 53
39 92 52
40 92 52
41 92 50
42 92 51
43 92 55
44 92 53
45 92 57
46 92 50
47 92 58
48 92 43
49 92 30
50 92 44
51 92 52
52 92 52
53 92 51
54 92 50
55 92 52
56 92 51
57 92 52
58 92 51
59 92 52
60 92 53
61 92 36
62 92 54
63 92 57
64 92 42
65 92 46
66 92 56
67 92 51
68 92 60
69 92 56
70 92 67
71 92 61
74 92 47
75 92 56
76 92 50
77 92 63
79 92 48
80 92 48
81 92 48
82 92 50
83 92 55
86 92 50
91 92 43
95 92 50
96 92 45
97 92 50
98 92 52
100 92 49
101 92 19
102 92 34
104 92 47
105 92 26
106 92 41
107 92 54
114 92 14
1 93 19
2 93 19
3 93 24
5 93 14
6 93 45
8 93 33
9 93 48
10 93 27
12 93 17
13 93 39
14 93 25
15 93 31
16 93 26
18 93 44
19 93 28
21 93 24
22 93 37
24 93 57
25 93 33
26 93 25
27 93 21
28 93 32
29 93 26
31 93 15
32 93 26
33 93 27
34 93 28
36 93 19
37 93 36
38 93 30
39 93 30
40 93 29
41 93 28
42 93 29
43 93 32
44 93 31
45 93 34
46 93 28
47 93 35
48 93 23
49 93 14
50 93 23
51 93 30
52 93 29
53 93 29
54 93 28
55 93 29
56 93 29
57 93 29
59 93 30
60 93 30
61 93 18
62 93 31
63 93 33
64 93 22
65 93 25
66 93 33
67 93 28
68 93 37
69 93 33
70 93 44
71 93 38
72 93 5
73 93 19
74 93 26
75 93 33
76 93 28
77 93 40
82 93 28
83 93 32
84 93 2
86 93 28
91 93 23
92 93 28
95 93 28
96 93 24
97 93 28
98 93 29
99 93 33
100 93 27
101 93 8
102 93 17
103 93 20
104 93 26
105 93 12
106 93 21
107 93 32
111 93 15
114 93 6
2 94 1
9 94 3
11 94 0
20 94 1
23 94 3
24 94 4
30 94 1
68 94 2
70 94 2
75 94 1
77 94 2
113 94 1
114 94 0
1 95 42
2 95 42
3 95 50
8 95 60
10 95 54
12 95 39
13 95 66
14 95 51
15 95 58
16 95 53
18 95 71
19 95 55
21 95 50
22 95 65
25 95 60
26 95 51
27 95 46
28 95 59
29 95 53
31 95 36
32 95 52
33 95 54
34 95 55
36 95 42
37 95 63
38 95 57
39 95 57
40 95 56
41 95 55
42 95 56
43 95 59
44 95 58
45 95 62
46 95 55
47 95 63
48 95 48
49 95 34
50 95 48
51 95 57
52 95 57
53 95 56
54 95 55
55 95 56
56 95 56
57 95 57
58 95 56
60 95 57
61 95 40
62 95 58
63 95 61
64 95 47
65 95 51
66 95 61
67 95 55
68 95 64
69 95 61
70 95 71
71 95 66
73 95 42
74 95 52
75 95 60
76 95 54
77 95 68
78 95 39
79 95 52
80 95 52
81 95 52
82 95 55
83 95 59
86 95 55
91 95 48
92 95 55
96 95 50
97 95 55
98 95 56
99 95 60
100 95 53
104 95 52
106 95 45
107 95 59
114 95 17
3 96 54
8 96 64
10 96 58
13 96 70
14 96 55
15 96 62
16 96 57
18 96 74
19 96 59
21 96 54
22 96 68
25 96 64
26 96 55
27 96 50
28 96 63
29 96 57
31 96 40
32 96 56
33 96 58
34 96 59
35 96 28
37 96 67
38 96 61
39 96 61
40 96 61
41 96 59
42 96 60
43 96 63
44 96 62
45 96 66
46 96 59
47 96 67
48 96 52
49 96 38
51 96 61
52 96 61
53 96 60
54 96 59
55 96 60
56 96 60
57 96 61
58 96 60
59 96 61
60 96 61
61 96 44
62 96 62
63 96 65
64 96 51
65 96 55
66 96 65
67 96 60
68 96 68
69 96 64
70 96 74
71 96 70
74 96 56
75 96 64
76 96 59
77 96 71
79 96 57
80 96 57
81 96 57
82 96 59
83 96 63
86 96 59
91 96 52
92 96 60
95 96 59
97 96 59
98 96 61
104 96 56
107 96 63
114 96 19
1 97 39
3 97 46
5 97 30
8 97 57
9 97 71
10 97 50
12 97 35
13 97 63
14 97 47
15 97 54
16 97 49
18 97 68
19 97 52
21 97 46
22 97 61
24 97 78
25 97 57
26 97 48
27 97 42
28 97 56
29 97 49
31 97 32
32 97 49
33 97 50
34 97 51
36 97 38
37 97 60
38 97 54
39 97 53
40 97 53
42 97 52
43 97 56
44 97 54
45 97 59
46 97 52
47 97 59
48 97 44
49 97 31
50 97 45
51 97 54
52 97 53
53 97 52
54 97 51
55 97 53
56 97 52
57 97 53
58 97 52
59 97 53
60 97 54
61 97 37
62 97 55
63 97 58
64 97 44
65 97 47
66 97 57
67 97 52
68 97 61
69 97 57
70 97 68
71 97 63
73 97 38
74 97 48
75 97 57
76 97 51
77 97 64
78 97 36
82 97 51
83 97 56
86 97 51
91 97 45
92 97 52
95 97 51
96 97 46
98 97 53
99 97 57
100 97 50
102 97 35
104 97 48
106 97 42
107 97 56
114 97 15
1 98 36
2 98 35
3 98 43
8 98 53
9 98 69
10 98 47
13 98 60
14 98 44
15 98 51
16 98 46
18 98 65
19 98 48
21 98 43
22 98 58
24 98 76
25 98 54
26 98 44
27 98 39
28 98 52
29 98 46
32 98 45
33 98 47
34 98 48
36 98 35
37 98 57
38 98 50
39 98 50
40 98 49
41 98 48
42 98 49
43 98 52
44 98 51
45 98 55
46 98 48
47 98 56
48 98 41
49 98 28
50 98 41
51 98 50
52 98 50
53 98 49
54 98 48
55 98 49
56 98 49
57 98 50
58 98 49
59 98 50
60 98 50
61 98 34
62 98 51
63 98 54
64 98 40
65 98 44
66 98 54
67 98 48
68 98 58
69 98 54
70 98 65
71 98 59
74 98 45
75 98 53
76 98 47
77 98 61
79 98 45
80 98 45
81 98 45
82 98 48
83 98 52
86 98 47
91 98 41
92 98 48
95 98 48
96 98 43
99 98 53
100 98 46
104 98 45
106 98 38
107 98 52
114 98 13
1 99 32
2 99 32
3 99 39
4 99 38
8 99 49
9 99 65
10 99 43
13 99 56
14 99 40
15 99 47
16 99 42
18 99 61
19 99 44
21 99 39
22 99 54
24 99 73
25 99 50
27 99 35
28 99 48
29 99 42
32 99 41
33 99 43
34 99 44
36 99 32
37 99 53
38 99 46
39 99 46
40 99 45
42 99 45
43 99 48
44 99 47
45 99 51
46 99 44
47 99 52
48 99 37
49 99 25
51 99 46
52 99 46
53 99 45
54 99 44
55 99 45
57 99 46
58 99 45
59 99 46
60 99 46
61 99 30
62 99 47
63 99 50
65 99 40
66 99 50
67 99 44
68 99 54
69 99 50
70 99 61
71 99 55
74 99 41
75 99 49
77 99 57
82 99 44
83 99 48
86 99 43
91 99 37
92 99 44
95 99 44
96 99 39
97 99 44
98 99 45
100 99 42
104 99 41
105 99 21
106 99 35
107 99 48
114 99 11
1 100 28
2 100 28
3 100 35
5 100 21
8 100 45
9 100 61
10 100 39
13 100 52
14 100 35
15 100 43
16 100 38
18 100 57
19 100 40
21 100 35
22 100 50
24 100 69
25 100 45
26 100 36
27 100 31
28 100 44
29 100 38
31 100 23
32 100 37
33 100 38
34 100 40
36 100 28
37 100 48
38 100 42
39 100 41
40 100 41
41 100 39
42 100 40
43 100 44
44 100 43
45 100 47
46 100 40
47 100 48
48 100 33
49 100 21
50 100 33
51 100 42
52 100 41
53 100 41
54 100 40
55 100 41
56 100 41
57 100 41
58 100 40
59 100 41
60 100 42
61 100 27
62 100 43
63 100 46
64 100 32
65 100 36
66 100 46
67 100 40
68 100 49
69 100 45
70 100 57
71 100 51
73 100 28
74 100 37
75 100 45
76 100 39
77 100 53
82 100 40
83 100 44
86 100 39
91 100 33
92 100 40
95 100 40
96 100 35
97 100 39
98 100 41
99 100 45
101 100 13
102 100 25
103 100 29
104 100 37
105 100 18
1 101 34
2 101 34
3 101 41
5 101 26
8 101 52
9 101 67
10 101 45
12 101 31
13 101 58
14 101 42
15 101 49
16 101 44
18 101 63
19 101 47
21 101 42
22 101 57
24 101 74
25 101 52
26 101 43
27 101 37
28 101 51
29 101 44
31 101 28
32 101 44
33 101 45
34 101 46
36 101 34
37 101 55
38 101 49
39 101 48
40 101 48
41 101 46
42 101 47
43 101 51
44 101 49
45 101 54
46 101 47
47 101 55
48 101 39
49 101 26
50 101 40
51 101 49
52 101 48
53 101 47
54 101 46
55 101 48
56 101 47
58 101 47
59 101 48
60 101 49
61 101 32
62 101 50
63 101 53
64 101 39
65 101 42
66 101 53
67 101 47
69 101 52
70 101 63
71 101 58
73 101 34
74 101 43
75 101 52
76 101 46
77 101 60
78 101 32
79 101 44
80 101 44
81 101 44
82 101 46
83 101 51
86 101 46
91 101 40
92 101 47
95 101 46
96 101 41
97 101 46
98 101 48
99 101 52
100 101 45
1 102 33
2 102 33
3 102 40
5 102 26
8 102 51
9 102 66
10 102 44
13 102 58
14 102 41
15 102 48
16 102 43
18 102 63
19 102 46
22 102 56
24 102 74
25 102 51
26 102 42
28 102 50
29 102 43
31 102 27
32 102 43
33 102 44
34 102 45
37 102 54
38 102 48
39 102 47
40 102 47
41 102 45
42 102 46
43 102 50
44 102 49
45 102 53
46 102 46
47 102 54
48 102 38
49 102 26
50 102 39
51 102 48
52 102 47
53 102 46
54 102 46
55 102 47
56 102 47
58 102 46
59 102 47
60 102 48
61 102 32
62 102 49
63 102 52
64 102 38
65 102 42
66 102 52
67 102 46
68 102 55
69 102 51
70 102 62
71 102 57
74 102 42
75 102 51
76 102 45
77 102 59
78 102 31
83 102 50
86 102 45
91 102 39
92 102 46
95 102 46
96 102 40
97 102 45
98 102 47
99 102 51
100 102 44
103 102 34
104 102 42
105 102 22
106 102 36
107 102 50
114 102 12
1 103 26
2 103 26
3 103 33
5 103 20
8 103 43
9 103 59
10 103 36
12 103 23
13 103 49
14 103 33
15 103 40
16 103 35
18 103 55
19 103 38
21 103 33
22 103 47
24 103 67
25 103 43
26 103 34
27 103 29
28 103 41
29 103 36
31 103 21
32 103 35
33 103 36
34 103 37
36 103 26
37 103 46
38 103 40
39 103 39
40 103 39
41 103 37
42 103 38
43 103 42
44 103 40
45 103 44
46 103 38
47 103 45
48 103 31
49 103 20
50 103 31
51 103 39
52 103 39
53 103 38
54 103 37
55 103 39
56 103 38
57 103 39
58 103 38
59 103 39
60 103 40
61 103 25
62 103 41
63 103 44
64 103 30
65 103 34
66 103 43
67 103 38
68 103 47
69 103 43
70 103 54
71 103 49
73 103 26
74 103 35
75 103 43
76 103 37
77 103 51
78 103 24
82 103 37
83 103 42
86 103 37
91 103 31
92 103 38
95 103 37
96 103 33
97 103 37
98 103 39
99 103 43
100 103 36
102 103 24
104 103 35
105 103 17
106 103 29
107 103 41
114 103 9
1 104 33
2 104 33
3 104 40
4 104 40
5 104 26
8 104 51
9 104 66
10 104 44
12 104 30
13 104 57
14 104 41
15 104 48
16 104 43
18 104 63
19 104 46
21 104 41
22 104 56
24 104 74
25 104 51
26 104 42
27 104 37
28 104 50
29 104 43
31 104 27
32 104 43
33 104 44
34 104 45
37 104 54
38 104 48
39 104 47
40 104 47
41 104 45
42 104 46
43 104 50
44 104 49
45 104 53
46 104 46
47 104 54
48 104 38
49 104 26
50 104 39
51 104 48
52 104 47
53 104 46
54 104 46
55 104 47
56 104 47
57 104 47
58 104 46
59 104 47
60 104 48
62 104 49
63 104 52
64 104 38
65 104 41
66 104 52
67 104 46
68 104 55
69 104 51
70 104 62
71 104 57
74 104 42
75 104 51
76 104 45
77 104 59
78 104 31
79 104 43
80 104 43
81 104 43
82 104 45
83 104 50
86 104 45
91 104 39
92 104 46
95 104 46
96 104 40
97 104 45
98 104 47
99 104 51
100 104 44
102 104 30
103 104 34
105 104 22
106 104 36
107 104 50
114 104 12
1 105 32
2 105 31
3 105 38
5 105 24
8 105 49
9 105 65
10 105 42
13 105 56
14 105 39
15 105 47
16 105 42
18 105 61
19 105 44
21 105 39
22 105 54
24 105 72
25 105 49
26 105 40
27 105 35
28 105 48
29 105 42
31 105 26
32 105 41
33 105 42
34 105 43
35 105 17
36 105 31
37 105 52
38 105 46
39 105 45
40 105 45
41 105 43
42 105 44
43 105 48
44 105 47
45 105 51
46 105 44
47 105 52
48 105 37
49 105 24
51 105 46
52 105 45
53 105 45
54 105 44
55 105 45
56 105 45
57 105 45
58 105 44
59 105 45
60 105 46
61 105 30
62 105 47
63 105 50
64 105 36
65 105 40
66 105 50
67 105 44
68 105 53
69 105 49
70 105 61
71 105 55
74 105 41
75 105 49
76 105 43
77 105 57
78 105 29
79 105 41
80 105 41
81 105 41
82 105 43
83 105 48
86 105 43
91 105 37
92 105 44
95 105 44
96 105 38
97 105 43
98 105 45
99 105 49
100 105 42
102 105 29
103 105 32
104 105 41
106 105 34
107 105 48
114 105 11
1 106 37
2 106 37
3 106 44
5 106 29
8 106 55
9 106 70
10 106 48
13 106 61
14 106 45
15 106 52
16 106 47
18 106 66
19 106 50
21 106 44
22 106 59
25 106 55
26 106 46
27 106 40
28 106 54
29 106 47
31 106 31
32 106 47
33 106 48
34 106 49
36 106 37
37 106 58
38 106 52
39 106 51
40 106 51
41 106 49
42 106 50
43 106 54
44 106 52
45 106 57
46 106 50
47 106 57
48 106 42
49 106 29
50 106 43
51 106 52
52 106 51
53 106 50
54 106 49
55 106 51
56 106 50
57 106 51
58 106 50
59 106 51
60 106 52
62 106 53
63 106 56
64 106 42
65 106 45
66 106 55
67 106 50
68 106 59
69 106 55
70 106 66
71 106 61
74 106 46
75 106 55
77 106 63
79 106 47
80 106 47
81 106 47
82 106 49
83 106 54
86 106 49
91 106 43
92 106 50
95 106 49
96 106 44
97 106 49
98 106 51
99 106 55
104 106 46
105 106 25
107 106 54
114 106 14
1 107 31
2 107 31
3 107 38
5 107 24
8 107 48
9 107 64
10 107 42
12 107 28
13 107 55
14 107 39
15 107 46
16 107 41
18 107 60
19 107 43
21 107 38
22 107 53
24 107 72
25 107 49
26 107 39
27 107 34
28 107 47
29 107 41
31 107 25
32 107 40
33 107 42
34 107 43
36 107 31
37 107 52
38 107 45
39 107 45
40 107 44
41 107 43
42 107 44
43 107 47
44 107 46
45 107 50
46 107 43
47 107 51
48 107 36
49 107 24
50 107 37
51 107 45
52 107 45
53 107 44
54 107 43
55 107 44
56 107 44
57 107 45
58 107 44
59 107 45
60 107 45
61 107 29
62 107 46
63 107 49
64 107 35
65 107 39
66 107 49
67 107 43
68 107 53
69 107 49
70 107 60
71 107 54
74 107 40
75 107 48
76 107 42
77 107 56
78 107 29
79 107 40
80 107 41
81 107 40
82 107 43
83 107 47
86 107 43
91 107 36
92 107 43
95 107 43
96 107 38
97 107 43
98 107 44
99 107 48
102 107 28
104 107 40
105 107 21
106 107 34
114 107 11
8 108 7
9 108 13
10 108 6
12 108 3
13 108 9
15 108 7
18 108 11
22 108 9
23 108 15
24 108 18
28 108 7
29 108 5
30 108 5
32 108 5
33 108 6
36 108 4
37 108 8
39 108 6
41 108 6
43 108 7
48 108 5
49 108 3
59 108 6
61 108 3
62 108 7
63 108 8
64 108 4
67 108 6
68 108 9
69 108 7
70 108 11
71 108 9
72 108 1
76 108 6
77 108 10
78 108 3
82 108 6
96 108 5
97 108 6
98 108 6
99 108 7
104 108 5
105 108 2
106 108 4
107 108 7
109 108 5
114 108 1
1 109 2
2 109 2
3 109 2
5 109 1
8 109 3
9 109 6
10 109 3
12 109 1
13 109 4
14 109 2
15 109 3
16 109 2
18 109 5
19 109 3
22 109 4
23 109 7
24 109 9
25 109 3
27 109 2
28 109 3
29 109 2
30 109 2
31 109 1
32 109 2
33 109 3
35 109 1
36 109 2
37 109 4
38 109 3
39 109 3
41 109 3
43 109 3
44 109 3
45 109 4
47 109 4
48 109 2
49 109 1
50 109 2
51 109 3
52 109 3
53 109 3
54 109 3
55 109 3
56 109 3
57 109 3
58 109 3
59 109 3
60 109 3
61 109 2
62 109 3
63 109 3
64 109 2
65 109 2
66 109 3
67 109 3
68 109 4
69 109 3
70 109 5
71 109 4
75 109 3
76 109 3
77 109 5
78 109 1
79 109 2
80 109 2
81 109 2
82 109 3
92 109 3
93 109 0
95 109 3
96 109 2
97 109 3
98 109 3
99 109 3
103 109 2
104 109 2
105 109 1
106 109 2
107 109 3
108 109 1
111 109 1
114 109 0
5 110 2
8 110 7
9 110 12
22 110 8
31 110 2
39 110 6
49 110 2
60 110 6
62 110 6
77 110 9
82 110 5
92 110 5
94 110 2
97 110 5
99 110 7
104 110 5
107 110 6
114 110 1
1 111 2
2 111 2
3 111 3
5 111 1
8 111 4
9 111 7
10 111 3
12 111 2
13 111 5
14 111 3
15 111 4
16 111 3
18 111 6
19 111 3
20 111 3
21 111 3
22 111 5
24 111 10
25 111 4
26 111 3
27 111 2
28 111 4
29 111 3
31 111 1
32 111 3
33 111 3
34 111 3
35 111 1
36 111 2
37 111 4
38 111 3
39 111 3
40 111 3
42 111 3
43 111 4
44 111 4
45 111 4
46 111 3
47 111 4
48 111 2
49 111 1
50 111 2
51 111 3
52 111 3
53 111 3
54 111 3
55 111 3
56 111 3
57 111 3
59 111 3
60 111 3
61 111 2
62 111 4
63 111 4
64 111 2
65 111 3
66 111 4
67 111 3
68 111 5
69 111 4
70 111 6
71 111 5
72 111 0
74 111 3
75 111 4
76 111 3
77 111 5
78 111 2
79 111 3
80 111 3
81 111 3
82 111 3
83 111 4
84 111 0
86 111 3
91 111 2
92 111 3
93 111 0
95 111 3
96 111 3
97 111 3
98 111 3
99 111 4
102 111 2
103 111 2
104 111 3
105 111 1
106 111 2
107 111 4
108 111 1
109 111 2
114 111 1
6 112 1
8 112 1
9 112 1
12 112 0
23 112 1
27 112 0
33 112 1
36 112 0
39 112 1
70 112 1
77 112 1
102 112 0
113 112 0
114 112 0
6 113 1
8 113 0
9 113 1
15 113 0
17 113 0
23 113 1
24 113 1
26 113 0
30 113 0
33 113 0
35 113 0
65 113 0
66 113 0
68 113 0
70 113 1
75 113 0
77 113 1
91 113 0
94 113 0
97 113 0
102 113 0
107 113 0
114 113 0
1 114 68
2 114 67
3 114 74
4 114 73
5 114 59
6 114 88
7 114 75
8 114 81
9 114 89
10 114 77
11 114 58
12 114 64
13 114 85
14 114 75
15 114 80
16 114 76
17 114 84
18 114 88
19 114 78
20 114 76
21 114 74
22 114 84
23 114 91
24 114 92
25 114 81
26 114 75
27 114 71
28 114 81
29 114 76
30 114 75
31 114 61
32 114 76
33 114 77
34 114 78
35 114 49
36 114 67
37 114 83
38 114 79
39 114 79
40 114 79
41 114 78
42 114 78
43 114 81
44 114 80
45 114 82
46 114 78
47 114 83
48 114 72
49 114 59
50 114 73
51 114 79
52 114 79
53 114 78
54 114 78
55 114 79
56 114 79
57 114 79
58 114 78
59 114 79
60 114 79
61 114 66
62 114 80
63 114 82
64 114 72
65 114 75
66 114 82
67 114 78
68 114 84
69 114 82
70 114 87
71 114 85
72 114 33
74 114 76
75 114 81
76 114 77
77 114 86
78 114 65
79 114 76
80 114 76
81 114 76
82 114 78
83 114 81
