4 1 70
8 1 72
19 1 69
21 1 73
22 1 74
23 1 74
29 1 77
41 1 69
51 1 52
31 2 81
40 2 84
5 3 69
12 3 69
16 3 68
23 3 72
29 3 74
39 3 68
40 3 77
67 3 51
21 4 79
7 5 78
12 5 74
22 5 77
27 5 79
55 5 67
5 7 64
8 7 64
12 7 63
13 7 58
22 7 66
23 7 66
25 7 59
27 7 68
29 7 69
39 7 62
40 7 72
67 7 45
1 8 69
5 8 69
7 8 72
12 8 68
13 8 64
19 8 66
21 8 69
22 8 71
25 8 65
27 8 73
29 8 74
30 8 69
39 8 67
41 8 65
44 8 56
45 8 69
48 8 50
55 8 59
67 8 51
4 9 72
5 9 74
21 9 75
40 9 81
67 9 58
5 10 68
7 10 71
12 10 67
19 10 65
21 10 68
22 10 70
23 10 70
27 10 72
29 10 73
40 10 75
41 10 64
45 10 68
67 10 50
19 11 70
29 11 78
39 11 72
40 11 80
67 11 56
3 12 66
5 12 68
7 12 71
8 12 68
10 12 67
19 12 65
21 12 68
22 12 70
23 12 70
24 12 60
27 12 72
29 12 73
30 12 68
45 12 68
67 12 49
4 13 70
7 13 75
8 13 72
15 13 70
23 13 74
24 13 65
27 13 76
29 13 77
30 13 73
35 13 69
39 13 70
40 13 79
41 13 69
4 14 67
5 14 70
15 14 68
18 14 67
19 14 67
21 14 70
23 14 72
29 14 75
40 14 77
41 14 66
5 15 75
13 15 70
14 15 73
21 15 75
23 15 77
29 15 79
40 15 81
3 16 70
5 16 72
14 16 70
15 16 70
17 16 68
18 16 69
21 16 72
29 16 77
39 16 70
40 16 79
41 16 68
18 17 73
21 17 76
24 17 69
29 17 80
30 17 76
39 17 74
40 17 82
14 18 68
15 18 68
16 18 69
17 18 67
21 18 71
29 18 75
39 18 69
40 18 78
67 18 53
1 19 72
5 19 72
8 19 72
10 19 71
11 19 67
12 19 71
14 19 70
17 19 68
22 19 74
23 19 74
27 19 76
29 19 77
40 19 79
41 19 68
51 19 52
1 21 69
4 21 66
5 21 68
8 21 68
9 21 62
10 21 68
12 21 67
14 21 66
15 21 66
16 21 66
17 21 64
18 21 65
22 21 70
23 21 70
24 21 60
27 21 72
29 21 73
39 21 66
40 21 76
45 21 68
1 22 67
4 22 63
5 22 66
7 22 70
8 22 66
10 22 65
12 22 65
19 22 63
21 22 67
23 22 68
24 22 58
25 22 62
27 22 70
29 22 71
30 22 67
41 22 62
45 22 66
48 22 47
67 22 48
1 23 66
3 23 64
4 23 63
7 23 70
10 23 65
12 23 65
13 23 61
14 23 64
15 23 64
19 23 63
21 23 67
22 23 68
24 23 58
25 23 62
27 23 70
29 23 71
30 23 67
41 23 62
55 23 56
67 23 47
5 24 77
12 24 77
13 24 73
17 24 74
19 24 74
22 24 79
23 24 79
26 24 72
27 24 80
30 24 78
41 24 74
5 25 72
7 25 75
8 25 72
22 25 74
23 25 74
27 25 76
29 25 77
30 25 73
39 25 70
40 25 79
41 25 68
55 25 63
67 25 54
24 26 67
27 26 78
28 26 60
29 26 79
51 26 55
67 26 57
5 27 63
7 27 67
8 27 63
10 27 63
12 27 63
13 27 58
19 27 60
21 27 64
22 27 66
23 27 66
24 27 55
25 27 59
26 27 57
29 27 69
39 27 61
40 27 71
41 27 59
45 27 64
67 27 45
26 28 79
56 28 72
67 28 69
1 29 62
3 29 60
4 29 59
5 29 61
7 29 65
8 29 62
10 29 61
11 29 56
12 29 61
13 29 56
14 29 59
15 29 59
16 29 59
17 29 57
18 29 58
19 29 58
21 29 62
22 29 64
23 29 64
25 29 57
26 29 55
27 29 66
30 29 62
31 29 66
39 29 60
41 29 57
44 29 48
45 29 62
67 29 43
5 30 69
8 30 70
12 30 69
13 30 65
17 30 66
22 30 72
23 30 72
24 30 62
25 30 65
29 30 74
40 30 77
45 30 70
46 30 62
48 30 51
67 30 51
2 31 56
29 31 66
67 31 42
6 32 40
14 32 43
16 32 44
34 32 39
52 32 39
65 32 45
66 32 42
67 32 28
1 33 39
2 33 35
7 33 43
9 33 32
13 33 34
14 33 36
16 33 37
19 33 35
21 33 39
26 33 33
29 33 45
32 33 29
34 33 32
40 33 48
44 33 27
45 33 39
49 33 25
52 33 32
59 33 29
60 33 31
62 33 36
63 33 45
64 33 40
65 33 38
66 33 35
67 33 23
1 34 37
2 34 32
3 34 34
6 34 31
7 34 40
9 34 30
13 34 31
14 34 34
16 34 34
19 34 33
21 34 37
26 34 30
29 34 42
32 34 26
33 34 29
40 34 45
44 34 25
45 34 37
46 34 29
52 34 30
55 34 28
56 34 24
57 34 25
59 34 27
60 34 28
61 34 36
63 34 42
64 34 38
66 34 33
67 34 21
13 35 67
41 35 68
67 35 54
1 36 71
4 36 68
8 36 71
13 36 66
15 36 68
19 36 67
21 36 71
22 36 73
30 36 71
41 36 67
67 36 53
5 37 64
14 37 62
22 37 66
23 37 66
24 37 56
30 37 65
40 37 72
55 37 54
67 37 45
67 38 56
3 39 67
5 39 69
7 39 72
8 39 69
11 39 64
13 39 64
15 39 67
16 39 67
17 39 65
18 39 66
21 39 69
25 39 65
27 39 73
29 39 74
40 39 76
41 39 65
67 39 51
1 40 59
2 40 54
3 40 56
4 40 56
5 40 58
7 40 62
9 40 51
10 40 58
11 40 53
13 40 53
14 40 56
15 40 56
16 40 56
17 40 54
18 40 55
19 40 55
21 40 59
25 40 54
27 40 63
30 40 59
37 40 57
39 40 56
41 40 54
42 40 48
44 40 45
45 40 59
49 40 43
58 40 50
67 40 40
1 41 73
5 41 73
8 41 73
10 41 72
14 41 71
19 41 70
22 41 75
23 41 75
24 41 66
27 41 77
29 41 78
39 41 71
45 41 73
48 41 55
51 41 53
55 41 64
67 41 56
3 42 56
4 42 56
8 42 59
14 42 56
17 42 54
21 42 59
22 42 61
27 42 63
40 42 67
41 42 54
67 42 40
4 43 62
8 43 65
14 43 62
15 43 62
16 43 62
17 43 60
21 43 65
22 43 67
23 43 67
30 43 65
41 43 60
67 43 46
5 44 76
8 44 76
21 44 77
40 44 82
41 44 73
45 44 76
67 44 60
1 45 67
5 45 67
8 45 67
10 45 66
12 45 66
20 45 48
21 45 68
22 45 69
24 45 59
27 45 71
29 45 72
30 45 68
40 45 75
41 45 63
44 45 54
67 45 49
15 46 75
19 46 74
20 46 60
30 46 77
67 46 60
67 47 72
8 48 81
19 48 79
22 48 83
30 48 82
41 48 78
67 48 67
40 49 84
67 49 63
1 50 66
24 50 58
51 50 45
67 50 47
1 51 83
19 51 81
26 51 79
41 51 80
67 51 69
67 52 57
67 53 67
30 54 77
67 54 60
1 55 76
2 55 72
5 55 75
8 55 75
13 55 71
17 55 72
19 55 73
23 55 77
25 55 72
30 55 76
37 55 74
41 55 72
67 55 59
28 56 71
67 56 68
5 57 70
21 57 71
67 57 52
4 58 67
8 58 69
15 58 67
16 58 67
19 58 66
21 58 70
22 58 71
23 58 71
24 58 62
25 58 65
26 58 63
27 58 73
30 58 70
31 58 73
40 58 77
41 58 66
44 58 56
48 58 51
67 58 51
67 59 60
67 60 54
1 61 27
2 61 24
3 61 25
6 61 23
7 61 30
9 61 22
10 61 26
12 61 26
13 61 23
14 61 25
16 61 25
18 61 24
19 61 24
20 61 14
21 61 28
22 61 29
23 61 29
24 61 21
25 61 23
26 61 22
27 61 31
28 61 17
29 61 32
30 61 28
32 61 19
33 61 21
34 61 21
35 61 24
38 61 20
40 61 35
41 61 24
44 61 18
45 61 27
46 61 21
47 61 15
49 61 17
50 61 24
51 61 14
52 61 21
54 61 15
55 61 20
56 61 17
57 61 18
59 61 19
60 61 21
63 61 32
64 61 28
65 61 26
66 61 24
67 61 15
1 62 28
2 62 24
6 62 23
7 62 31
9 62 22
12 62 27
13 62 23
14 62 25
16 62 26
19 62 24
20 62 15
21 62 28
22 62 29
23 62 29
26 62 22
27 62 31
28 62 17
29 62 32
30 62 28
31 62 31
32 62 19
33 62 21
38 62 20
41 62 24
44 62 18
45 62 27
46 62 21
49 62 17
50 62 24
51 62 14
52 62 22
55 62 20
56 62 17
57 62 18
58 62 21
59 62 20
60 62 21
61 62 27
63 62 33
64 62 29
65 62 27
66 62 24
67 62 15
1 63 27
2 63 23
3 63 25
6 63 22
7 63 30
9 63 22
10 63 26
12 63 26
13 63 23
14 63 25
16 63 25
18 63 24
19 63 24
20 63 14
21 63 27
22 63 29
23 63 29
24 63 21
26 63 22
27 63 31
28 63 16
29 63 32
30 63 27
31 63 30
32 63 19
33 63 21
34 63 21
35 63 24
38 63 20
40 63 35
41 63 24
44 63 17
45 63 27
46 63 20
49 63 16
50 63 24
51 63 13
52 63 21
54 63 15
55 63 20
56 63 17
57 63 18
58 63 20
59 63 19
60 63 20
61 63 26
64 63 28
65 63 26
66 63 24
67 63 15
1 64 26
2 64 23
3 64 24
6 64 22
7 64 29
9 64 21
10 64 25
12 64 25
13 64 22
14 64 24
16 64 24
18 64 23
19 64 23
20 64 14
21 64 27
22 64 28
23 64 28
24 64 20
26 64 21
27 64 30
28 64 16
29 64 31
30 64 27
31 64 30
32 64 18
33 64 20
34 64 21
35 64 23
38 64 19
39 64 24
41 64 23
44 64 17
45 64 26
46 64 20
47 64 14
49 64 16
50 64 23
51 64 13
52 64 21
54 64 15
55 64 19
56 64 16
57 64 17
58 64 20
59 64 19
60 64 20
61 64 25
63 64 31
65 64 26
66 64 23
67 64 14
1 65 27
2 65 23
3 65 25
6 65 22
7 65 30
9 65 21
10 65 26
12 65 26
13 65 23
14 65 25
16 65 25
17 65 23
18 65 24
19 65 24
20 65 14
21 65 27
22 65 29
23 65 29
24 65 21
25 65 23
26 65 22
27 65 31
28 65 16
29 65 32
30 65 27
31 65 30
32 65 19
33 65 21
34 65 21
35 65 23
38 65 20
40 65 34
41 65 23
43 65 27
44 65 17
45 65 27
46 65 20
49 65 16
50 65 24
51 65 13
52 65 21
54 65 15
55 65 19
56 65 17
57 65 18
58 65 20
59 65 19
60 65 20
61 65 26
63 65 32
64 65 28
66 65 24
67 65 14
1 66 27
2 66 23
3 66 25
6 66 22
7 66 30
9 66 21
10 66 26
12 66 26
13 66 23
14 66 25
16 66 25
18 66 24
19 66 24
20 66 14
21 66 27
22 66 29
23 66 29
24 66 21
25 66 23
26 66 22
27 66 31
28 66 16
29 66 32
30 66 27
31 66 30
32 66 19
33 66 21
34 66 21
38 66 20
39 66 25
40 66 34
41 66 23
42 66 19
43 66 27
44 66 17
45 66 27
46 66 20
47 66 14
49 66 16
50 66 23
51 66 13
52 66 21
54 66 15
55 66 19
56 66 16
57 66 18
58 66 20
59 66 19
60 66 20
61 66 26
63 66 32
64 66 28
65 66 26
67 66 14
1 67 83
2 67 80
3 67 82
4 67 81
5 67 83
6 67 80
7 67 85
8 67 83
9 67 79
10 67 83
11 67 80
12 67 83
13 67 80
14 67 81
15 67 82
16 67 82
17 67 80
18 67 81
19 67 81
20 67 69
21 67 83
22 67 84
23 67 84
24 67 78
25 67 80
26 67 79
27 67 86
28 67 72
29 67 86
30 67 83
31 67 85
