4 1 67
3 2 65
4 2 69
2 3 72
4 3 72
7 3 69
9 3 68
1 4 67
2 4 67
3 4 62
1 5 76
1 6 74
2 6 74
5 6 67
7 6 71
9 6 70
1 7 71
3 7 67
5 7 64
6 7 62
9 7 67
10 7 61
1 9 73
3 9 69
5 9 66
7 9 70
7 10 72
15 10 52
5 11 75
15 11 61
1 12 32
2 12 32
3 12 28
4 12 32
5 12 25
6 12 24
7 12 29
8 12 53
9 12 28
10 12 23
13 12 29
14 12 31
15 12 15
1 13 32
2 13 33
3 13 29
4 13 32
5 13 26
6 13 24
7 13 29
8 13 53
9 13 28
10 13 23
12 13 33
14 13 32
15 13 15
1 14 33
2 14 33
3 14 29
4 14 33
6 14 24
7 14 29
8 14 54
9 14 28
10 14 24
11 14 14
12 14 34
13 14 30
15 14 15
1 15 81
2 15 81
3 15 78
4 15 81
5 15 75
6 15 74
7 15 78
8 15 91
9 15 77

