7 2 90
35 2 83
11 3 85
12 3 91
7 5 85
11 5 79
12 5 87
13 5 79
14 5 66
22 5 54
23 5 60
29 5 64
31 5 81
32 5 71
42 5 49
5 7 59
2 9 87
11 9 89
5 11 71
9 11 70
12 11 86
32 11 69
3 12 59
5 12 53
9 12 53
11 12 62
14 12 46
15 12 34
20 12 36
22 12 34
23 12 40
24 12 54
25 12 31
26 12 35
27 12 30
28 12 30
29 12 44
30 12 47
31 12 64
32 12 51
37 12 81
38 12 43
39 12 34
40 12 34
42 12 30
5 13 80
5 14 77
12 14 90
29 14 70
32 14 76
42 14 56
12 15 82
14 15 57
23 15 51
24 15 65
27 15 40
29 15 55
30 15 58
31 15 74
38 15 54
39 15 45
42 15 40
24 16 72
29 16 63
42 16 48
12 17 83
29 17 56
40 17 46
42 17 41
42 18 45
2 19 56
5 19 50
6 19 38
8 19 44
9 19 49
29 19 40
35 19 55
36 19 53
37 19 78
42 19 27
12 20 93
39 20 69
42 20 65
2 21 56
6 21 38
8 21 44
9 21 49
13 21 59
35 21 55
36 21 53
42 21 27
5 22 87
12 22 95
42 22 72
5 23 66
11 23 73
12 23 83
14 23 58
31 23 75
32 23 64
42 23 41
9 24 62
12 24 81
14 24 55
29 24 53
31 24 72
37 24 86
42 24 38
5 25 59
9 25 58
12 25 78
14 25 51
15 25 39
23 25 45
24 25 59
27 25 34
28 25 35
29 25 49
30 25 53
31 25 69
32 25 57
37 25 84
38 25 48
39 25 39
42 25 34
3 26 78
5 26 74
12 26 88
14 26 68
15 26 56
31 26 82
42 26 51
12 27 87
14 27 66
15 27 54
29 27 64
31 27 80
32 27 71
39 27 54
42 27 49
5 28 54
9 28 53
12 28 75
14 28 46
15 28 34
22 28 34
23 28 40
24 28 54
25 28 31
27 28 30
29 28 44
30 28 47
31 28 65
32 28 52
37 28 81
38 28 43
39 28 34
40 28 35
42 28 30
12 29 91
14 29 76
42 29 61
5 30 53
9 30 52
12 30 74
14 30 45
15 30 34
22 30 34
23 30 39
24 30 53
25 30 31
26 30 35
27 30 29
28 30 30
29 30 43
31 30 64
33 30 45
37 30 80
38 30 43
39 30 33
40 30 34
42 30 29
5 31 50
9 31 49
12 31 72
14 31 42
15 31 31
22 31 31
23 31 36
24 31 50
27 31 27
28 31 27
29 31 40
32 31 48
37 31 78
38 31 40
39 31 31
40 31 31
42 31 27
5 32 71
11 32 78
12 32 86
14 32 64
23 32 58
42 32 48
2 33 40
3 33 40
6 33 25
8 33 29
9 33 34
12 33 57
13 33 43
18 33 20
26 33 20
34 33 16
35 33 39
36 33 38
37 33 66
41 33 32
42 33 16
2 34 43
6 34 27
8 34 32
9 34 37
12 34 60
13 34 46
21 34 27
29 34 29
30 34 32
33 34 30
35 34 42
36 34 40
37 34 69
42 34 18
2 35 46
5 35 40
6 35 29
8 35 34
9 35 39
12 35 63
13 35 49
19 35 25
21 35 29
29 35 31
30 35 34
31 35 52
33 35 32
34 35 19
36 35 43
37 35 71
42 35 20
2 36 45
5 36 40
6 36 29
8 36 34
9 36 39
12 36 63
13 36 49
19 36 25
21 36 29
29 36 31
30 36 34
33 36 32
34 36 19
35 36 45
37 36 71
42 36 20
1 37 42
2 37 38
8 37 28
9 37 32
12 37 55
13 37 41
14 37 27
15 37 18
18 37 18
19 37 19
24 37 33
25 37 16
27 37 15
28 37 16
29 37 25
30 37 28
31 37 44
33 37 26
36 37 36
38 37 24
39 37 18
40 37 18
41 37 30
42 37 15
5 38 51
9 38 51
12 38 73
14 38 44
15 38 32
16 38 19
17 38 18
22 38 32
23 38 38
24 38 52
25 38 30
27 38 28
28 38 28
29 38 42
30 38 45
31 38 63
37 38 79
39 38 32
40 38 33
42 38 28
3 39 56
5 39 49
9 39 49
12 39 71
14 39 42
15 39 31
20 39 32
22 39 31
23 39 36
24 39 50
25 39 28
26 39 31
27 39 27
28 39 27
29 39 40
30 39 43
31 39 61
32 39 48
37 39 78
38 39 39
40 39 31
42 39 27
5 40 49
9 40 48
12 40 71
14 40 41
15 40 30
16 40 18
17 40 17
22 40 30
23 40 35
24 40 49
27 40 26
28 40 26
29 40 39
30 40 42
31 40 60
32 40 47
37 40 78
38 40 39
39 40 30
42 40 26
1 41 39
2 41 35
4 41 33
5 41 30
8 41 25
9 41 29
12 41 52
21 41 21
24 41 30
29 41 22
30 41 25
31 41 41
33 41 24
37 41 61
42 41 14
1 42 94
2 42 93
3 42 93
4 42 92
5 42 91
6 42 86
8 42 89
9 42 91
10 42 94
11 42 94
12 42 96
13 42 94
14 42 88

