4 2 56
7 2 58
12 2 64
13 2 64
15 2 59
16 2 75
17 2 68
26 2 77
27 2 77
43 2 52
53 2 53
9 3 71
16 3 84
53 3 66
2 4 94
16 4 91
43 4 79
53 4 79
43 5 81
53 5 81
27 6 91
1 7 86
2 7 94
7 9 84
12 11 80
27 11 88
2 12 93
4 12 79
10 12 82
11 12 82
27 12 91
53 12 77
2 13 82
11 13 62
12 13 66
23 13 64
26 13 78
27 13 78
40 13 68
53 13 55
12 14 65
16 14 75
22 14 63
27 14 78
33 14 68
53 14 54
2 15 93
53 15 79
2 16 86
3 16 77
4 16 64
7 16 66
14 16 79
43 16 61
53 16 61
2 17 89
28 17 85
53 17 69
3 18 68
23 18 59
27 18 74
50 18 76
53 18 49
48 19 68
49 19 71
53 19 50
53 20 75
2 21 72
3 21 60
6 21 52
7 21 46
10 21 48
12 21 52
13 21 52
16 21 64
20 21 51
27 21 67
42 21 33
48 21 59
53 21 41
14 22 84
25 22 86
31 22 74
53 22 69
27 23 87
53 23 69
12 24 71
23 24 70
26 24 82
27 24 82
40 24 74
53 24 61
2 25 85
14 25 77
22 25 68
33 25 72
53 25 59
2 26 85
29 26 79
53 26 60
2 27 85
29 27 79
40 27 72
53 27 60
17 28 76
40 28 74
53 28 62
26 29 84
27 29 84
40 29 75
53 29 63
22 30 74
50 30 86
53 30 66
22 31 74
32 31 77
53 31 66
22 32 71
31 32 68
33 32 75
53 32 62
14 33 81
25 33 84
32 33 76
53 33 65
9 34 86
53 34 84
11 35 41
12 35 45
23 35 43
26 35 61
28 35 58
36 35 40
37 35 52
38 35 53
39 35 51
53 35 34
11 36 41
12 36 45
23 36 43
26 36 60
28 36 57
35 36 43
37 36 51
38 36 52
39 36 50
53 36 34
11 37 39
12 37 43
23 37 42
26 37 59
35 37 42
36 37 38
38 37 51
39 37 49
53 37 33
6 38 40
11 38 36
12 38 39
22 38 38
23 38 38
26 38 55
28 38 52
35 38 38
36 38 35
37 38 46
39 38 45
53 38 29
3 39 57
5 39 40
6 39 49
10 39 45
12 39 49
28 39 61
29 39 61
37 39 55
45 39 72
53 39 38
27 40 90
28 40 89
29 40 89
53 40 75
12 41 67
53 41 56
4 42 56
5 42 55
10 42 60
11 42 60
20 42 62
34 42 49
40 42 66
49 42 73
53 42 53
2 43 94
4 43 82
5 43 81
16 43 91
20 43 86
44 43 76
53 43 80
9 44 86
10 44 87
53 44 83
1 45 27
3 45 34
6 45 27
12 45 27
19 45 21
20 45 27
22 45 26
23 45 26
25 45 40
26 45 42
27 45 42
28 45 38
29 45 38
30 45 25
38 45 34
39 45 32
47 45 34
48 45 34
49 45 37
50 45 44
52 45 39
53 45 19
1 46 34
3 46 42
10 46 31
12 46 34
19 46 27
29 46 46
53 46 25
1 47 31
2 47 53
3 47 39
4 47 25
5 47 24
6 47 31
7 47 26
10 47 28
11 47 28
12 47 31
13 47 31
14 47 40
15 47 27
16 47 43
17 47 36
19 47 25
20 47 30
22 47 30
23 47 30
26 47 46
27 47 46
28 47 43
29 47 43
30 47 28
33 47 34
39 47 36
40 47 34
41 47 25
44 47 19
45 47 55
48 47 38
49 47 41
50 47 48
51 47 41
52 47 43
53 47 23
1 48 30
2 48 52
3 48 38
4 48 24
5 48 23
6 48 31
7 48 26
9 48 26
10 48 27
11 48 27
12 48 30
13 48 31
14 48 39
15 48 26
16 48 43
17 48 35
19 48 24
20 48 30
21 48 17
23 48 29
26 48 45
27 48 45
28 48 42
29 48 42
30 48 28
33 48 33
38 48 37
39 48 35
40 48 33
42 48 17
43 48 22
45 48 54
49 48 40
50 48 47
51 48 40
52 48 43
53 48 22
1 49 30
2 49 52
3 49 38
4 49 24
5 49 23
6 49 31
7 49 26
10 49 27
11 49 27
12 49 31
13 49 31
14 49 39
15 49 26
16 49 43
17 49 35
18 49 25
19 49 24
20 49 30
22 49 29
23 49 29
26 49 45
27 49 45
28 49 42
29 49 42
30 49 28
31 49 27
33 49 33
39 49 36
40 49 33
41 49 25
42 49 17
43 49 22
45 49 54
48 49 37
50 49 47
51 49 40
52 49 43
53 49 22
1 50 30
2 50 52
3 50 38
4 50 24
5 50 23
6 50 31
7 50 26
10 50 27
11 50 28
12 50 31
13 50 31
14 50 40
15 50 26
16 50 43
17 50 35
19 50 24
20 50 30
23 50 29
26 50 45
27 50 46
28 50 42
29 50 42
30 50 28
33 50 33
39 50 36
40 50 33
41 50 25
42 50 17
45 50 54
48 50 37
49 50 40
51 50 40
52 50 43
53 50 22
1 51 31
2 51 52
3 51 38
4 51 25
6 51 31
7 51 26
9 51 26
10 51 28
11 51 28
12 51 31
13 51 31
14 51 40
15 51 27
16 51 43
17 51 36
19 51 24
20 51 30
23 51 30
26 51 46
27 51 46
28 51 43
29 51 42
30 51 28
33 51 34
34 51 20
39 51 36
40 51 33
41 51 25
42 51 17
43 51 22
44 51 19
45 51 55
48 51 38
49 51 41
50 51 48
52 51 43
53 51 22
1 52 30
2 52 51
3 52 37
4 52 24
5 52 23
6 52 30
7 52 25
10 52 26
11 52 27
12 52 30
14 52 39
15 52 26
16 52 42
17 52 34
18 52 25
19 52 23
20 52 29
23 52 29
25 52 43
26 52 44
27 52 45
28 52 41
29 52 41
30 52 27
33 52 33
38 52 37
39 52 35
40 52 32
42 52 16
44 52 18
45 52 53
48 52 36
49 52 39
50 52 47
51 52 39
53 52 21
1 53 89
2 53 95
3 53 92
4 53 86
5 53 85
6 53 89
7 53 86
8 53 79
9 53 86
10 53 87
11 53 87
12 53 89
