6 1 69
8 1 59
10 1 70
12 1 59
13 1 62
16 1 58
25 1 64
27 1 60
30 1 55
32 1 50
34 1 65
35 1 74
36 1 76
38 1 68
39 1 65
44 1 78
47 1 63
49 1 60
53 1 67
54 1 58
58 1 63
61 1 58
62 1 63
64 1 63
71 1 68
75 1 68
77 1 67
78 1 67
10 2 67
11 2 59
34 2 63
35 2 71
44 2 76
68 2 57
72 2 59
35 3 77
44 3 80
54 3 62
75 3 72
3 4 68
27 4 67
35 4 79
38 4 74
44 4 82
33 5 78
35 5 81
41 5 70
44 5 84
76 5 77
1 6 59
13 6 57
27 6 56
33 6 66
34 6 61
35 6 70
38 6 63
39 6 60
44 6 74
51 6 64
66 6 55
69 6 67
78 6 62
1 7 64
8 7 61
15 7 58
16 7 59
19 7 52
21 7 57
22 7 66
24 7 54
25 7 65
27 7 62
28 7 68
35 7 75
42 7 65
49 7 61
52 7 58
54 7 59
57 7 54
58 7 64
59 7 63
61 7 59
75 7 69
77 7 68
85 7 52
1 8 67
5 8 60
6 8 72
7 8 63
9 8 71
10 8 73
11 8 66
13 8 66
15 8 61
16 8 62
20 8 70
24 8 57
25 8 68
27 8 65
33 8 74
34 8 69
35 8 77
38 8 71
39 8 69
44 8 81
47 8 67
49 8 64
51 8 72
52 8 62
53 8 71
54 8 62
55 8 65
58 8 67
59 8 66
61 8 62
63 8 60
72 8 66
77 8 71
5 9 52
10 9 67
11 9 58
13 9 59
32 9 46
33 9 67
34 9 62
38 9 64
44 9 75
53 9 64
58 9 59
59 9 58
66 9 56
72 9 58
74 9 55
1 10 58
2 10 61
8 10 55
20 10 61
33 10 66
34 10 61
35 10 70
36 10 72
38 10 63
39 10 60
44 10 74
46 10 45
53 10 63
55 10 56
2 11 66
3 11 62
4 11 61
5 11 55
6 11 69
8 11 59
9 11 67
10 11 70
13 11 62
28 11 67
33 11 70
34 11 65
35 11 74
38 11 68
44 11 78
51 11 68
53 11 67
72 11 62
73 11 64
74 11 59
77 11 67
78 11 67
38 12 74
44 12 82
53 12 73
61 12 65
75 12 74
1 13 65
6 13 71
8 13 62
9 13 69
11 13 64
12 13 61
15 13 59
24 13 55
33 13 72
34 13 67
35 13 75
38 13 70
39 13 67
44 13 79
48 13 64
49 13 62
51 13 70
52 13 60
53 13 69
73 13 66
75 13 70
78 13 69
39 14 83
45 14 77
7 15 68
24 15 63
35 15 81
44 15 84
46 15 60
48 15 71
54 15 68
64 15 73
85 15 61
1 16 72
7 16 68
8 16 68
20 16 74
21 16 65
22 16 74
24 16 62
25 16 72
27 16 69
33 16 78
35 16 80
44 16 84
49 16 69
50 16 64
54 16 67
55 16 70
57 16 62
58 16 71
61 16 67
76 16 76
77 16 75
85 16 60
34 17 67
38 17 69
44 17 79
45 17 57
47 17 64
52 17 59
72 17 63
78 17 68
85 17 52
23 18 66
44 18 87
48 18 76
77 18 80
85 18 66
5 19 64
6 19 76
8 19 68
9 19 75
10 19 77
15 19 66
24 19 62
31 19 71
41 19 69
51 19 76
58 19 71
85 19 60
8 20 57
10 20 68
16 20 56
25 20 62
35 20 72
36 20 74
44 20 76
49 20 57
51 20 66
55 20 59
58 20 61
73 20 62
77 20 65
85 20 48
7 21 64
8 21 65
16 21 64
25 21 69
27 21 66
29 21 67
33 21 75
48 21 67
49 21 65
55 21 67
58 21 68
68 21 65
77 21 72
85 21 57
7 22 58
8 22 58
16 22 57
24 22 52
25 22 62
27 22 59
28 22 65
38 22 67
39 22 64
49 22 58
51 22 67
53 22 66
55 22 60
58 22 62
77 22 66
85 22 49
11 23 74
18 23 64
27 23 73
35 23 83
38 23 79
39 23 76
42 23 76
43 23 68
44 23 86
47 23 75
78 23 78
85 23 64
1 24 71
7 24 68
8 24 68
9 24 75
13 24 71
15 24 66
16 24 67
19 24 61
22 24 73
25 24 72
27 24 69
28 24 74
33 24 78
35 24 80
39 24 73
44 24 84
49 24 68
51 24 76
52 24 66
53 24 75
54 24 67
55 24 69
58 24 71
59 24 70
66 24 68
77 24 75
85 24 60
1 25 61
7 25 56
8 25 57
13 25 60
16 25 55
20 25 63
21 25 53
22 25 63
24 25 50
27 25 58
28 25 64
32 25 47
33 25 68
34 25 63
35 25 71
39 25 62
44 25 76
49 25 57
51 25 66
52 25 55
54 25 55
55 25 58
58 25 60
59 25 59
61 25 55
66 25 57
77 25 65
85 25 48
1 26 74
8 26 71
9 26 78
13 26 74
16 26 70
27 26 72
32 26 63
35 26 83
39 26 76
41 26 72
44 26 86
49 26 71
51 26 78
53 26 78
55 26 73
58 26 74
64 26 75
85 26 64
1 27 64
2 27 66
4 27 61
6 27 69
7 27 59
8 27 60
9 27 68
13 27 63
15 27 58
16 27 59
21 27 57
22 27 66
23 27 51
24 27 53
25 27 64
26 27 50
28 27 67
30 27 55
33 27 71
34 27 66
35 27 74
38 27 68
39 27 65
41 27 61
44 27 78
47 27 64
49 27 60
51 27 69
52 27 58
53 27 68
55 27 61
58 27 63
59 27 62
61 27 59
64 27 64
66 27 60
72 27 62
75 27 69
77 27 68
85 27 51
8 28 56
13 28 59
16 28 55
22 28 62
24 28 49
25 28 61
27 28 57
35 28 71
38 28 65
39 28 62
44 28 75
47 28 60
49 28 56
50 28 51
55 28 58
58 28 60
61 28 55
69 28 68
71 28 65
75 28 65
77 28 64
78 28 64
85 28 47
21 29 62
36 29 80
39 29 70
44 29 82
85 29 57
1 30 68
2 30 70
3 30 67
4 30 65
5 30 60
6 30 73
8 30 64
9 30 72
11 30 67
13 30 67
16 30 63
19 30 56
22 30 70
27 30 65
32 30 55
35 30 77
38 30 72
39 30 69
49 30 64
52 30 62
53 30 71
55 30 66
58 30 67
63 30 60
85 30 56
19 31 49
23 31 48
34 31 63
35 31 72
39 31 63
44 31 76
49 31 58
51 31 66
52 31 55
71 31 66
75 31 67
76 31 66
85 31 49
1 32 71
8 32 68
9 32 75
10 32 77
13 32 70
16 32 67
25 32 72
26 32 58
30 32 64
39 32 73
43 32 64
52 32 66
56 32 56
61 32 67
85 32 60
1 33 51
2 33 54
3 33 50
4 33 49
5 33 43
6 33 57
8 33 47
9 33 56
10 33 59
11 33 50
13 33 50
16 33 46
21 33 44
22 33 54
24 33 41
25 33 52
27 33 48
28 33 55
34 33 54
35 33 63
38 33 56
39 33 53
44 33 68
48 33 50
49 33 48
51 33 57
53 33 56
58 33 51
59 33 50
61 33 46
62 33 51
66 33 47
72 33 50
73 33 52
76 33 57
77 33 56
78 33 55
85 33 39
1 34 58
2 34 61
6 34 64
8 34 54
9 34 62
10 34 65
11 34 57
13 34 57
17 34 56
25 34 59
27 34 55
28 34 62
31 34 58
33 34 66
35 34 69
36 34 72
39 34 60
44 34 74
47 34 58
48 34 57
49 34 54
53 34 62
54 34 53
58 34 58
61 34 53
62 34 58
64 34 58
71 34 63
72 34 57
75 34 64
77 34 63
78 34 62
85 34 45
1 35 48
2 35 51
3 35 46
4 35 45
5 35 40
6 35 54
7 35 43
8 35 44
10 35 55
11 35 47
13 35 47
15 35 42
16 35 43
20 35 51
23 35 35
24 35 38
25 35 49
26 35 34
27 35 45
28 35 52
30 35 39
31 35 48
33 35 56
34 35 50
36 35 63
38 35 53
39 35 50
40 35 54
43 35 40
44 35 65
47 35 48
49 35 44
50 35 39
51 35 54
53 35 52
54 35 42
55 35 46
58 35 48
59 35 46
64 35 48
66 35 44
68 35 44
69 35 57
70 35 40
72 35 47
74 35 43
75 35 54
77 35 53
85 35 36
1 36 46
10 36 54
20 36 49
29 36 44
34 36 49
35 36 58
37 36 45
42 36 48
44 36 64
62 36 46
72 36 45
78 36 50
85 36 34
1 38 54
2 38 57
3 38 53
4 38 52
5 38 46
6 38 60
8 38 50
9 38 59
10 38 61
11 38 53
12 38 50
13 38 53
15 38 48
16 38 49
17 38 53
22 38 57
23 38 41
27 38 51
28 38 58
30 38 46
33 38 62
35 38 66
39 38 56
40 38 60
44 38 71
45 38 46
46 38 41
47 38 54
49 38 51
51 38 60
53 38 59
54 38 49
55 38 52
58 38 54
59 38 53
61 38 49
62 38 54
63 38 46
64 38 55
66 38 50
68 38 51
69 38 63
70 38 46
72 38 53
73 38 55
74 38 50
75 38 60
77 38 59
78 38 58
85 38 42
1 39 64
6 39 69
8 39 60
9 39 68
10 39 70
14 39 49
15 39 58
22 39 66
23 39 51
24 39 54
25 39 65
26 39 50
28 39 67
33 39 71
35 39 74
38 39 68
41 39 62
42 39 65
43 39 56
44 39 78
45 39 56
46 39 51
47 39 64
49 39 60
51 39 69
52 39 58
54 39 59
58 39 64
60 39 62
61 39 59
74 39 60
77 39 68
78 39 68
10 40 65
13 40 57
35 40 69
38 40 63
39 40 60
42 40 59
44 40 74
69 40 66
71 40 63
78 40 62
85 40 46
5 41 57
15 41 58
19 41 53
27 41 62
39 41 66
44 41 79
47 41 65
52 41 59
58 41 64
64 41 65
70 41 56
75 41 70
85 41 52
23 42 54
36 42 78
39 42 68
44 42 80
71 42 71
85 42 54
23 43 59
35 43 80
39 43 73
42 43 72
45 43 64
46 43 59
47 43 71
67 43 67
71 43 75
76 43 76
85 43 60
1 44 43
2 44 46
3 44 42
4 44 41
5 44 36
6 44 49
8 44 40
9 44 48
10 44 51
11 44 42
12 44 39
13 44 42
15 44 37
16 44 38
17 44 42
18 44 31
20 44 46
23 44 31
24 44 33
25 44 44
26 44 30
27 44 41
28 44 47
29 44 42
31 44 43
33 44 51
34 44 46
35 44 55
36 44 58
38 44 48
39 44 45
40 44 49
41 44 41
42 44 45
47 44 43
48 44 42
49 44 40
50 44 35
51 44 49
53 44 48
54 44 38
55 44 41
57 44 33
58 44 43
60 44 41
61 44 38
62 44 43
63 44 36
64 44 44
66 44 40
69 44 52
70 44 35
72 44 42
73 44 44
74 44 39
75 44 49
76 44 49
77 44 48
78 44 47
85 44 32
17 45 72
38 45 77
39 45 75
43 45 66
46 45 62
47 45 73
85 45 62
1 46 71
10 46 77
12 46 67
15 46 66
38 46 75
39 46 73
43 46 64
45 46 64
47 46 71
58 46 71
70 46 64
73 46 72
74 46 67
75 46 76
76 46 76
85 46 60
1 47 67
23 47 54
28 47 70
35 47 77
39 47 69
41 47 65
42 47 68
43 47 59
44 47 80
45 47 59
46 47 54
54 47 62
58 47 67
75 47 72
78 47 70
85 47 55
15 48 57
18 48 50
21 48 56
33 48 70
34 48 65
39 48 64
44 48 77
47 48 63
49 48 59
50 48 54
53 48 67
58 48 62
62 48 62
68 48 59
69 48 70
71 48 68
75 48 68
78 48 66
85 48 50
8 49 67
16 49 66
21 49 64
22 49 72
24 49 61
25 49 71
27 49 68
28 49 74
31 49 70
33 49 77
35 49 80
44 49 83
48 49 69
51 49 75
53 49 74
54 49 66
55 49 69
58 49 70
61 49 66
64 49 71
77 49 74
78 49 74
85 49 59
10 50 76
16 50 66
28 50 73
35 50 79
44 50 83
48 50 69
51 50 75
53 50 74
54 50 66
85 50 59
1 51 57
2 51 59
3 51 55
5 51 49
6 51 63
8 51 53
10 51 64
11 51 55
13 51 56
16 51 51
19 51 45
20 51 59
22 51 59
24 51 46
25 51 57
26 51 42
27 51 54
28 51 60
31 51 57
32 51 43
35 51 68
38 51 62
39 51 58
44 51 73
49 51 53
50 51 48
53 51 61
54 51 51
55 51 54
58 51 56
59 51 55
61 51 51
63 51 49
64 51 57
66 51 53
68 51 53
76 51 62
77 51 61
78 51 61
85 51 44
5 52 64
6 52 76
7 52 67
8 52 68
10 52 77
20 52 73
24 52 62
27 52 69
58 52 71
85 52 60
1 53 61
8 53 57
9 53 65
10 53 68
11 53 60
12 53 56
13 53 60
16 53 56
27 53 58
29 53 59
33 53 68
34 53 63
35 53 72
38 53 66
40 53 66
44 53 76
47 53 61
48 53 59
49 53 57
51 53 66
52 53 55
55 53 59
58 53 60
59 53 59
61 53 56
63 53 53
64 53 61
65 53 50
71 53 66
72 53 60
73 53 62
75 53 66
77 53 65
78 53 65
85 53 48
1 54 66
3 54 65
6 54 72
7 54 62
8 54 63
9 54 70
15 54 60
16 54 61
18 54 53
24 54 56
25 54 67
34 54 68
35 54 76
38 54 71
39 54 68
44 54 80
49 54 63
50 54 58
51 54 71
52 54 61
53 54 70
55 54 64
59 54 65
61 54 61
68 54 63
70 54 58
74 54 62
75 54 71
77 54 70
85 54 54
1 55 68
8 55 64
10 55 74
16 55 63
20 55 70
21 55 61
22 55 70
24 55 58
25 55 68
26 55 54
27 55 65
28 55 71
35 55 77
38 55 72
39 55 69
44 55 81
49 55 64
51 55 73
52 55 62
54 55 63
58 55 67
61 55 63
77 55 72
85 55 56
1 56 70
2 56 73
3 56 69
4 56 68
5 56 63
6 56 75
8 56 67
9 56 74
10 56 76
13 56 70
15 56 65
16 56 66
20 56 73
22 56 72
24 56 61
26 56 57
27 56 68
39 56 72
49 56 67
53 56 74
55 56 68
58 56 70
60 56 68
63 56 63
85 56 59
1 57 72
7 57 68
13 57 71
15 57 67
16 57 68
27 57 70
32 57 60
39 57 74
44 57 84
58 57 72
61 57 68
64 57 73
76 57 77
85 57 61
1 58 65
3 58 63
4 58 62
6 58 70
7 58 60
8 58 61
9 58 69
10 58 71
12 58 60
13 58 64
16 58 59
18 58 52
19 58 53
20 58 67
22 58 67
24 58 54
25 58 65
26 58 51
27 58 62
28 58 68
30 58 56
33 58 72
35 58 75
38 58 69
39 58 66
41 58 62
44 58 79
46 58 52
47 58 65
48 58 63
49 58 61
51 58 70
52 58 59
53 58 68
55 58 62
59 58 63
61 58 60
66 58 61
70 58 56
71 58 69
75 58 70
76 58 69
77 58 69
78 58 68
85 58 52
7 59 54
8 59 55
9 59 63
13 59 57
15 59 52
16 59 53
24 59 48
25 59 59
26 59 44
27 59 56
30 59 50
33 59 66
35 59 70
38 59 63
39 59 60
43 59 50
46 59 45
51 59 64
53 59 63
54 59 53
55 59 56
58 59 58
61 59 53
63 59 50
66 59 55
68 59 55
70 59 50
73 59 59
77 59 63
85 59 46
8 60 62
16 60 61
27 60 63
39 60 67
44 60 80
49 60 62
53 60 70
55 60 64
58 60 65
78 60 69
85 60 54
1 61 65
3 61 63
4 61 62
6 61 70
7 61 60
8 61 61
9 61 69
10 61 71
12 61 60
13 61 64
16 61 60
18 61 52
25 61 65
27 61 62
28 61 68
32 61 51
33 61 72
34 61 67
38 61 69
39 61 66
44 61 79
49 61 61
50 61 56
51 61 70
52 61 59
53 61 68
54 61 59
55 61 62
57 61 54
58 61 64
59 61 63
63 61 57
77 61 69
85 61 52
1 62 61
2 62 63
4 62 58
8 62 57
9 62 65
16 62 55
27 62 58
33 62 68
36 62 74
38 62 65
44 62 76
47 62 61
48 62 59
49 62 57
50 62 52
53 62 65
54 62 55
58 62 60
69 62 69
72 62 59
73 62 61
78 62 64
85 62 48
1 63 65
2 63 68
4 63 63
5 63 58
6 63 71
8 63 62
15 63 59
16 63 60
24 63 55
27 63 63
30 63 57
38 63 70
39 63 67
44 63 79
45 63 58
47 63 65
49 63 62
51 63 70
52 63 60
53 63 69
54 63 60
55 63 63
56 63 49
59 63 64
61 63 60
65 63 55
72 63 64
77 63 69
85 63 53
1 64 65
8 64 61
15 64 59
16 64 60
27 64 62
34 64 67
35 64 75
39 64 67
44 64 79
49 64 61
58 64 64
77 64 69
85 64 53
8 65 65
16 65 64
27 65 66
29 65 67
30 65 61
39 65 70
47 65 69
49 65 66
53 65 73
58 65 69
63 65 62
77 65 73
85 65 57
1 66 65
6 66 70
8 66 61
9 66 69
16 66 60
23 66 52
24 66 55
25 66 66
27 66 62
33 66 72
35 66 75
38 66 69
44 66 79
49 66 62
51 66 70
53 66 69
58 66 65
59 66 64
85 66 53
1 67 60
2 67 63
6 67 66
8 67 56
9 67 65
10 67 67
12 67 56
13 67 59
15 67 54
16 67 55
18 67 47
19 67 48
20 67 63
22 67 62
23 67 47
24 67 50
27 67 58
28 67 64
30 67 52
38 67 65
39 67 62
41 67 58
42 67 61
43 67 52
47 67 60
49 67 57
51 67 66
52 67 54
53 67 64
55 67 58
58 67 60
66 67 56
73 67 61
75 67 66
78 67 64
85 67 48
1 68 57
2 68 60
3 68 56
4 68 55
5 68 49
6 68 63
7 68 53
8 68 53
9 68 62
10 68 64
11 68 56
12 68 53
13 68 56
15 68 51
16 68 52
21 68 50
25 68 58
27 68 55
28 68 61
35 68 69
36 68 71
38 68 62
39 68 59
44 68 73
48 68 56
49 68 54
50 68 49
51 68 63
53 68 61
54 68 52
55 68 55
58 68 57
59 68 56
62 68 57
63 68 49
64 68 58
77 68 62
78 68 61
85 68 45
1 69 53
6 69 59
28 69 57
35 69 65
44 69 70
48 69 51
71 69 58
74 69 48
75 69 59
78 69 57
85 69 40
1 70 69
27 70 67
35 70 78
38 70 73
39 70 71
41 70 67
44 70 82
46 70 57
54 70 64
55 70 67
58 70 69
71 70 73
85 70 57
10 71 65
28 71 62
31 71 58
42 71 59
48 71 57
69 71 66
70 71 50
85 71 45
1 72 58
2 72 60
4 72 55
6 72 63
8 72 54
9 72 62
10 72 65
11 72 56
13 72 57
15 72 51
17 72 56
23 72 44
27 72 55
33 72 65
34 72 60
35 72 69
36 72 71
38 72 62
39 72 59
40 72 63
42 72 59
44 72 73
47 72 58
53 72 62
58 72 57
62 72 57
63 72 50
64 72 58
75 72 63
76 72 63
78 72 61
85 72 45
13 73 62
20 73 66
33 73 70
38 73 68
44 73 78
46 73 50
47 73 63
51 73 68
53 73 67
59 73 62
74 73 59
75 73 68
78 73 67
85 73 51
9 74 69
11 74 63
35 74 75
38 74 69
39 74 66
43 74 57
44 74 79
46 74 52
47 74 65
54 74 59
69 74 72
73 74 65
76 74 70
85 74 52
1 75 55
3 75 54
4 75 53
6 75 61
8 75 51
12 75 51
13 75 54
15 75 49
16 75 50
23 75 42
27 75 52
28 75 59
31 75 55
34 75 58
35 75 67
38 75 60
39 75 57
41 75 53
43 75 47
44 75 72
46 75 42
47 75 55
48 75 54
51 75 61
53 75 60
54 75 50
55 75 53
58 75 55
64 75 56
69 75 64
71 75 61
72 75 54
76 75 61
77 75 60
78 75 59
85 75 43
5 76 48
15 76 50
16 76 51
31 76 56
43 76 48
44 76 72
49 76 53
51 76 62
53 76 61
54 76 51
58 76 56
74 76 52
75 76 62
78 76 60
85 76 44
1 77 56
7 77 52
8 77 53
11 77 55
16 77 51
18 77 43
20 77 59
21 77 49
22 77 59
24 77 46
25 77 57
27 77 54
28 77 60
33 77 64
34 77 59
35 77 68
38 77 61
39 77 58
44 77 73
45 77 48
47 77 57
49 77 53
51 77 62
53 77 61
54 77 51
55 77 54
58 77 56
59 77 55
61 77 51
63 77 49
64 77 57
65 77 46
68 77 53
69 77 65
71 77 62
75 77 62
85 77 44
1 78 57
5 78 49
6 78 63
8 78 53
11 78 55
13 78 56
15 78 50
17 78 55
23 78 43
28 78 60
33 78 64
36 78 71
38 78 62
39 78 59
40 78 63
42 78 58
44 78 73
47 78 57
48 78 55
49 78 53
51 78 62
53 78 61
58 78 56
60 78 54
62 78 56
69 78 65
73 78 58
75 78 62
76 78 62
80 78 69
85 78 44
1 79 16
2 79 18
3 79 16
4 79 15
5 79 12
6 79 20
7 79 14
8 79 14
9 79 19
10 79 21
11 79 16
12 79 14
13 79 16
14 79 9
15 79 13
16 79 14
17 79 16
18 79 10
19 79 11
20 79 18
21 79 13
22 79 18
23 79 10
24 79 11
25 79 17
26 79 10
27 79 15
28 79 19
29 79 15
30 79 12
31 79 16
32 79 10
34 79 18
35 79 24
36 79 26
37 79 16
38 79 19
39 79 17
40 79 20
41 79 15
42 79 17
43 79 12
44 79 29
47 79 16
48 79 16
49 79 14
50 79 12
51 79 20
52 79 13
53 79 19
54 79 14
55 79 15
56 79 9
58 79 16
60 79 15
61 79 14
62 79 16
63 79 12
64 79 17
65 79 11
66 79 14
68 79 15
69 79 22
70 79 12
71 79 20
73 79 17
74 79 14
75 79 20
76 79 20
77 79 19
78 79 19
80 79 25
81 79 22
82 79 18
83 79 20
84 79 20
85 79 11
1 80 16
2 80 18
3 80 15
4 80 15
5 80 12
6 80 20
7 80 14
8 80 14
9 80 19
10 80 20
11 80 15
12 80 14
13 80 15
14 80 9
15 80 13
16 80 13
17 80 15
18 80 10
19 80 10
20 80 18
21 80 12
22 80 17
23 80 10
24 80 11
25 80 16
26 80 10
27 80 15
28 80 18
29 80 15
30 80 12
31 80 16
32 80 10
34 80 17
35 80 24
36 80 26
37 80 15
38 80 19
39 80 17
40 80 19
41 80 15
42 80 17
44 80 28
47 80 16
48 80 15
49 80 14
50 80 12
51 80 19
52 80 13
53 80 18
54 80 13
55 80 15
56 80 9
57 80 11
58 80 16
59 80 15
60 80 15
61 80 13
62 80 16
63 80 12
64 80 16
65 80 11
66 80 14
68 80 14
69 80 21
70 80 12
71 80 19
72 80 15
73 80 16
74 80 14
75 80 19
76 80 19
77 80 19
78 80 18
81 80 21
82 80 18
83 80 19
84 80 19
85 80 10
1 81 16
2 81 17
3 81 15
4 81 14
5 81 12
6 81 19
7 81 13
8 81 14
9 81 18
10 81 20
11 81 15
12 81 13
13 81 15
14 81 9
15 81 12
16 81 13
17 81 15
18 81 10
19 81 10
20 81 17
21 81 12
22 81 17
23 81 10
24 81 11
25 81 16
26 81 9
27 81 14
28 81 18
29 81 15
30 81 11
31 81 15
32 81 10
34 81 17
35 81 23
36 81 25
37 81 15
38 81 18
39 81 17
40 81 19
41 81 14
42 81 16
43 81 12
44 81 27
47 81 16
48 81 15
49 81 14
50 81 11
51 81 19
52 81 13
53 81 18
54 81 13
55 81 14
56 81 9
57 81 11
58 81 15
59 81 15
60 81 14
61 81 13
62 81 15
63 81 12
64 81 16
65 81 11
66 81 14
68 81 14
69 81 21
70 81 12
71 81 19
72 81 15
73 81 16
74 81 13
75 81 19
76 81 19
77 81 18
78 81 18
80 81 24
82 81 17
83 81 19
84 81 19
85 81 10
1 82 16
2 82 17
3 82 15
4 82 15
5 82 12
6 82 19
7 82 14
8 82 14
9 82 19
10 82 20
11 82 15
12 82 14
13 82 15
14 82 9
15 82 13
16 82 13
17 82 15
18 82 10
19 82 10
20 82 17
21 82 12
22 82 17
23 82 10
24 82 11
25 82 16
26 82 10
27 82 14
28 82 18
29 82 15
30 82 12
31 82 16
32 82 10
33 82 21
34 82 17
35 82 24
36 82 26
37 82 15
38 82 19
39 82 17
40 82 19
41 82 15
42 82 17
44 82 28
47 82 16
48 82 15
49 82 14
50 82 12
51 82 19
52 82 13
53 82 18
54 82 13
55 82 15
56 82 9
57 82 11
58 82 16
59 82 15
60 82 15
61 82 13
62 82 16
63 82 12
64 82 16
65 82 11
66 82 14
68 82 14
69 82 21
70 82 12
71 82 19
72 82 15
73 82 16
74 82 14
75 82 19
76 82 19
77 82 19
78 82 18
80 82 24
81 82 21
83 82 19
84 82 19
85 82 10
1 83 16
2 83 17
3 83 15
4 83 15
5 83 12
6 83 20
7 83 14
8 83 14
9 83 19
10 83 20
11 83 15
12 83 14
13 83 15
14 83 9
15 83 13
16 83 13
17 83 15
18 83 10
19 83 10
20 83 17
21 83 12
22 83 17
23 83 10
24 83 11
25 83 16
26 83 10
27 83 14
28 83 18
29 83 15
30 83 12
31 83 16
32 83 10
33 83 21
34 83 17
35 83 24
36 83 26
37 83 15
38 83 19
39 83 17
40 83 19
41 83 15
42 83 17
43 83 12
44 83 28
47 83 16
48 83 15
49 83 14
50 83 12
51 83 19
52 83 13
53 83 18
54 83 13
55 83 15
56 83 9
57 83 11
58 83 16
59 83 15
60 83 15
61 83 13
62 83 16
63 83 12
64 83 16
65 83 11
66 83 14
68 83 14
69 83 21
70 83 12
71 83 19
72 83 15
73 83 16
74 83 14
75 83 19
76 83 19
77 83 19
78 83 18
80 83 24
81 83 21
82 83 17
84 83 19
85 83 10
1 84 16
2 84 18
3 84 15
4 84 15
5 84 12
6 84 20
7 84 14
8 84 14
9 84 19
10 84 21
11 84 16
12 84 14
13 84 16
14 84 9
15 84 13
16 84 13
17 84 15
18 84 10
19 84 11
20 84 18
21 84 13
22 84 18
23 84 10
24 84 11
25 84 17
26 84 10
27 84 15
28 84 18
29 84 15
30 84 12
31 84 16
32 84 10
34 84 18
35 84 24
36 84 26
37 84 15
38 84 19
39 84 17
40 84 20
41 84 15
42 84 17
43 84 12
44 84 28
45 84 12
47 84 16
48 84 15
49 84 14
50 84 12
51 84 20
52 84 13
53 84 19
54 84 13
55 84 15
56 84 9
57 84 11
58 84 16
59 84 15
60 84 15
61 84 14
62 84 16
63 84 12
64 84 16
65 84 11
66 84 14
68 84 14
69 84 22
71 84 19
72 84 16
73 84 17
74 84 14
75 84 20
76 84 20
77 84 19
78 84 19
80 84 25
81 84 21
82 84 18
83 84 20
85 84 10
1 85 73
2 85 75
3 85 72
4 85 71
5 85 67
6 85 78
7 85 70
8 85 70
9 85 77
10 85 79
11 85 72
12 85 69
13 85 72
14 85 59
15 85 68
16 85 69
17 85 72
18 85 62
19 85 63
20 85 75
21 85 67
22 85 75
23 85 62
24 85 64
25 85 74
26 85 61
27 85 71
28 85 76
29 85 72
30 85 66
31 85 73
32 85 61
33 85 79
34 85 75
35 85 82
36 85 83
37 85 72
38 85 77
39 85 75
40 85 78
41 85 71
42 85 74
43 85 66
44 85 85
45 85 66
46 85 62
47 85 73
48 85 72
