22 3 70
3 4 90
6 4 72
7 4 90
9 4 91
10 4 78
22 4 74
5 6 91
7 6 95
8 6 93
1 9 50
2 9 50
3 9 66
4 9 52
6 9 36
16 9 74
17 9 72
18 9 77
19 9 75
21 9 74
22 9 38
1 10 90
3 10 95
4 10 91
22 10 84
4 11 86
6 11 76
22 11 77
1 12 27
4 12 29
8 12 30
10 12 21
13 12 51
14 12 43
15 12 46
16 12 51
17 12 49
18 12 55
19 12 53
20 12 40
21 12 51
22 12 18
1 13 27
4 13 28
8 13 30
10 13 21
12 13 43
14 13 43
15 13 45
16 13 51
17 13 48
18 13 55
19 13 52
20 13 39
21 13 51
22 13 18
1 14 27
2 14 26
4 14 28
8 14 30
10 14 21
12 14 42
13 14 51
15 14 45
16 14 50
17 14 48
18 14 54
19 14 52
20 14 39
21 14 51
22 14 18
1 15 26
2 15 25
4 15 27
8 15 29
10 15 20
12 15 42
13 15 50
14 15 42
16 15 50
17 15 47
18 15 54
19 15 51
20 15 38
21 15 50
22 15 17
1 16 32
2 16 32
3 16 48
4 16 34
6 16 21
8 16 36
9 16 50
13 16 57
14 16 49
15 16 52
17 16 55
18 16 61
19 16 59
20 16 46
21 16 57
22 16 22
1 17 35
2 17 34
3 17 51
4 17 36
6 17 23
8 17 38
9 17 52
10 17 28
13 17 60
14 17 52
15 17 55
16 17 60
18 17 64
19 17 62
20 17 48
21 17 60
22 17 24
1 18 31
2 18 31
3 18 47
4 18 33
6 18 20
8 18 35
9 18 48
10 18 25
12 18 48
13 18 56
14 18 48
15 18 51
16 18 56
17 18 54
19 18 58
20 18 44
21 18 56
22 18 21
1 19 32
2 19 32
3 19 48
4 19 34
6 19 21
8 19 36
9 19 49
10 19 26
13 19 57
14 19 49
15 19 52
16 19 57
17 19 55
18 19 61
20 19 46
21 19 57
22 19 22
1 20 27
2 20 26
3 20 42
4 20 28
8 20 30
10 20 21
12 20 42
13 20 51
14 20 42
15 20 45
16 20 50
17 20 48
18 20 54
19 20 52
21 20 51
22 20 18
1 21 34
2 21 34
3 21 50
4 21 36
6 21 22
8 21 38
9 21 52
12 21 51
13 21 59
14 21 51
15 21 54
16 21 59
17 21 57
18 21 63
19 21 61
20 21 48
22 21 24
1 22 91
2 22 91
3 22 95
4 22 92
5 22 90
6 22 85
7 22 95
8 22 92
