79 1 64
79 2 54
5 3 70
18 3 73
19 3 74
47 3 68
79 3 56
12 4 70
79 4 66
3 5 50
8 5 62
9 5 61
14 5 55
15 5 47
18 5 60
19 5 61
21 5 43
26 5 66
31 5 64
48 5 59
55 5 52
60 5 61
79 5 41
55 6 41
59 6 38
79 6 31
2 7 76
14 7 71
21 7 60
55 7 69
79 7 59
5 8 55
9 8 60
12 8 45
14 8 54
15 8 46
17 8 55
18 8 59
19 8 61
21 8 42
23 8 59
26 8 65
29 8 58
30 8 56
31 8 63
44 8 59
51 8 57
57 8 45
60 8 61
62 8 58
71 8 55
79 8 40
5 9 58
8 9 64
10 9 50
12 9 47
13 9 55
14 9 56
17 9 58
18 9 62
19 9 63
21 9 44
26 9 67
61 9 59
79 9 43
12 10 63
14 10 71
15 10 64
17 10 72
18 10 75
21 10 60
58 10 52
61 10 73
62 10 74
79 10 59
19 11 69
23 11 68
30 11 65
55 11 61
57 11 54
79 11 50
4 12 64
8 12 80
9 12 80
10 12 70
15 12 69
17 12 76
18 12 79
21 12 65
55 12 73
59 12 71
79 12 64
9 13 70
14 13 64
17 13 66
18 13 69
19 13 70
21 13 52
24 13 70
31 13 73
67 13 72
79 13 51
5 14 65
7 14 56
8 14 70
9 14 69
10 14 57
12 14 55
13 14 62
15 14 56
17 14 65
18 14 68
19 14 70
20 14 65
21 14 52
55 14 61
60 14 70
61 14 65
79 14 50
5 15 72
8 15 76
10 15 65
12 15 63
14 15 71
17 15 72
21 15 60
23 15 75
24 15 75
55 15 69
61 15 72
79 15 58
55 16 77
59 16 75
79 16 68
8 17 70
9 17 69
10 17 57
12 17 54
13 17 62
14 17 63
15 17 56
18 17 68
19 17 69
21 17 51
26 17 73
29 17 66
55 17 61
59 17 58
60 17 69
62 17 66
66 17 60
79 17 50
3 18 53
5 18 59
8 18 65
9 18 64
10 18 51
12 18 49
13 18 57
14 18 58
17 18 59
19 18 64
21 18 46
23 18 63
24 18 64
55 18 55
60 18 64
61 18 60
62 18 61
71 18 59
79 18 44
3 19 52
5 19 58
8 19 64
9 19 63
11 19 62
13 19 56
14 19 57
17 19 58
18 19 62
20 19 59
24 19 63
26 19 68
29 19 61
30 19 59
55 19 54
57 19 48
79 19 43
14 20 60
19 20 67
26 20 71
51 20 64
57 20 51
58 20 40
60 20 67
79 20 47
7 21 71
8 21 81
9 21 81
10 21 71
12 21 69
13 21 76
15 21 71
17 21 78
18 21 80
55 21 75
57 21 69
58 21 59
59 21 72
79 21 65
79 22 64
24 23 74
79 23 57
13 24 60
15 24 53
18 24 66
19 24 67
23 24 66
26 24 71
29 24 64
44 24 65
54 24 57
60 24 67
67 24 69
69 24 55
79 24 47
26 25 83
79 25 65
8 26 60
9 26 60
11 26 59
17 26 54
19 26 60
20 26 55
24 26 59
25 26 42
28 26 51
29 26 57
30 26 55
31 26 62
39 26 56
51 26 57
60 26 60
62 26 57
67 26 62
79 26 40
29 27 72
31 27 76
79 27 56
26 28 74
27 28 64
29 28 68
31 28 73
66 28 62
67 28 72
79 28 52
8 29 67
17 29 61
19 29 66
24 29 65
26 29 70
27 29 59
28 29 58
31 29 68
38 29 60
47 29 59
51 29 63
60 29 66
67 29 68
79 29 46
8 30 67
11 30 66
19 30 67
26 30 71
31 30 69
44 30 65
67 30 68
79 30 47
8 31 61
13 31 52
23 31 59
26 31 65
27 31 53
28 31 51
29 31 57
30 31 55
48 31 58
52 31 59
60 31 60
67 31 62
79 31 40
79 32 70
23 33 68
40 33 61
48 33 67
53 33 70
60 33 69
79 33 50
39 34 76
79 34 62
79 35 70
52 36 80
53 37 79
60 37 78
79 37 61
39 38 71
53 38 75
54 38 66
55 38 67
70 38 69
79 38 56
26 39 75
34 39 60
38 39 65
55 39 63
70 39 65
79 39 52
33 40 70
45 40 62
48 40 70
52 40 70
55 40 63
60 40 71
68 40 66
79 40 52
54 41 62
55 41 63
79 41 52
41 42 70
55 42 66
79 42 56
24 43 71
38 43 66
44 43 70
47 43 65
79 43 53
24 44 70
32 44 57
53 44 71
55 44 62
60 44 70
79 44 51
40 45 70
48 45 75
53 45 77
55 45 69
60 45 77
79 45 59
55 46 71
79 46 61
3 47 63
26 47 77
29 47 71
55 47 66
79 47 55
33 48 67
39 48 65
40 48 61
45 48 59
51 48 66
54 48 60
68 48 63
79 48 50
53 49 77
55 49 69
70 49 70
79 49 58
55 50 75
79 50 65
8 51 72
26 51 75
29 51 69
55 51 63
70 51 65
79 51 52
36 52 58
40 52 62
53 52 71
55 52 62
79 52 51
33 53 61
37 53 48
38 53 56
39 53 58
44 53 61
45 53 52
49 53 52
52 53 61
55 53 54
79 53 42
24 54 73
38 54 68
41 54 70
48 54 72
55 54 66
79 54 56
5 55 67
6 55 78
7 55 58
11 55 70
12 55 57
14 55 65
15 55 58
16 55 53
17 55 67
18 55 70
19 55 71
21 55 54
38 55 66
39 55 68
40 55 64
41 55 67
42 55 70
44 55 70
45 55 62
46 55 59
47 55 65
49 55 62
50 55 53
51 55 69
52 55 70
53 55 72
54 55 62
57 55 57
60 55 71
79 55 52
24 56 39
26 56 44
32 56 27
33 56 37
34 56 28
37 56 26
38 56 33
43 56 26
44 56 37
45 56 29
46 56 28
48 56 37
49 56 30
51 56 36
52 56 38
54 56 30
55 56 31
68 56 33
70 56 33
79 56 22
8 57 78
11 57 76
19 57 77
20 57 73
21 57 61
55 57 70
58 57 53
62 57 75
79 57 60
20 58 81
21 58 70
57 58 73
79 58 69
2 59 69
4 59 51
5 59 65
7 59 57
8 59 70
10 59 57
12 59 55
14 59 64
15 59 56
16 59 51
17 59 65
21 59 52
55 59 61
79 59 50
5 60 56
8 60 61
14 60 54
17 60 56
18 60 59
20 60 56
24 60 60
26 60 65
29 60 58
31 60 63
33 60 59
37 60 46
38 60 54
40 60 52
44 60 59
45 60 50
48 60 59
52 60 59
55 60 52
67 60 63
79 60 41
3 61 48
5 61 54
6 61 68
8 61 60
9 61 59
10 61 46
14 61 53
15 61 45
17 61 54
18 61 58
21 61 40
24 61 58
26 61 64
57 61 43
60 61 59
72 61 52
79 61 39
5 62 59
8 62 65
9 62 64
10 62 51
12 62 49
13 62 57
14 62 58
17 62 59
18 62 63
21 62 46
26 62 69
55 62 56
57 62 49
60 62 64
79 62 44
2 63 80
10 63 71
17 63 77
21 63 66
79 63 65
11 64 86
79 64 73
79 65 74
13 66 59
17 66 62
24 66 66
26 66 70
28 66 58
29 66 64
30 66 62
31 66 69
79 66 47
13 67 54
24 67 61
26 67 66
28 67 53
29 67 59
30 67 57
31 67 64
39 67 58
51 67 59
60 67 62
79 67 42
33 68 72
40 68 66
47 68 67
48 68 72
51 68 71
52 68 72
79 68 55
23 69 64
24 69 64
33 69 63
37 69 51
38 69 59
39 69 61
47 69 58
48 69 63
52 69 64
70 69 58
71 69 60
79 69 45
38 70 64
39 70 66
41 70 66
45 70 60
47 70 64
49 70 60
51 70 67
52 70 69
79 70 51
8 71 61
18 71 59
23 71 59
24 71 59
30 71 55
31 71 63
41 71 55
51 71 57
53 71 61
79 71 40
3 72 48
5 72 55
8 72 61
11 72 59
14 72 53
17 72 55
23 72 59
26 72 64
30 72 55
31 72 63
39 72 56
41 72 56
61 72 55
67 72 62
68 72 54
70 72 53
71 72 55
79 72 40
41 73 75
51 73 76
79 73 62
79 74 69
1 75 13
4 75 12
5 75 20
7 75 15
10 75 15
11 75 23
14 75 19
15 75 15
18 75 23
21 75 13
22 75 13
23 75 23
24 75 23
26 75 27
27 75 19
28 75 18
31 75 26
32 75 15
33 75 22
34 75 16
35 75 11
37 75 14
38 75 19
39 75 21
40 75 18
42 75 22
43 75 14
44 75 22
45 75 17
46 75 15
47 75 19
48 75 22
49 75 17
50 75 12
51 75 21
52 75 22
54 75 17
55 75 17
56 75 16
65 75 7
68 75 19
69 75 15
70 75 19
72 75 19
73 75 12
76 75 24
77 75 22
78 75 20
79 75 12
1 76 12
4 76 11
5 76 19
7 76 14
8 76 23
10 76 15
11 76 22
14 76 18
15 76 14
17 76 19
18 76 22
22 76 12
23 76 22
24 76 22
26 76 26
27 76 18
28 76 17
30 76 19
31 76 25
32 76 14
33 76 21
34 76 15
35 76 10
37 76 14
38 76 18
39 76 20
40 76 17
42 76 21
43 76 14
44 76 21
45 76 16
46 76 15
47 76 18
48 76 21
49 76 16
50 76 12
51 76 20
52 76 22
53 76 23
54 76 16
55 76 17
56 76 15
57 76 13
67 76 24
68 76 18
69 76 15
70 76 18
72 76 18
73 76 12
74 76 7
75 76 21
77 76 21
78 76 19
79 76 11
1 77 13
4 77 12
7 77 15
8 77 24
10 77 15
11 77 22
14 77 19
15 77 14
17 77 20
18 77 22
22 77 12
23 77 22
24 77 23
26 77 27
27 77 18
28 77 17
30 77 20
31 77 25
32 77 14
33 77 22
34 77 16
35 77 11
37 77 14
38 77 19
39 77 20
40 77 18
42 77 22
43 77 14
44 77 22
45 77 16
46 77 15
47 77 18
48 77 22
49 77 16
50 77 12
51 77 21
52 77 22
53 77 24
54 77 16
55 77 17
56 77 16
57 77 14
61 77 20
65 77 7
67 77 25
68 77 19
69 77 15
70 77 18
72 77 18
73 77 12
74 77 7
75 77 22
76 77 24
78 77 20
79 77 12
1 78 13
4 78 12
5 78 20
7 78 14
8 78 24
10 78 15
11 78 22
14 78 19
15 78 14
17 78 19
18 78 22
21 78 12
22 78 12
23 78 22
24 78 23
26 78 27
27 78 18
28 78 17
29 78 21
30 78 20
31 78 25
32 78 14
33 78 22
34 78 16
35 78 11
37 78 14
38 78 19
39 78 20
40 78 17
42 78 22
43 78 14
44 78 22
45 78 16
46 78 15
47 78 18
48 78 22
49 78 16
50 78 12
51 78 21
52 78 22
53 78 24
54 78 16
55 78 17
56 78 16
57 78 14
58 78 9
61 78 20
65 78 7
66 78 17
67 78 24
68 78 19
69 78 15
70 78 18
72 78 18
73 78 12
74 78 7
75 78 22
76 78 23
77 78 22
79 78 12
1 79 67
2 79 80
3 79 73
4 79 66
5 79 78
6 79 86
7 79 71
8 79 81
9 79 81
10 79 71
11 79 80
12 79 69
13 79 76
14 79 77
15 79 71
16 79 66
17 79 78
18 79 80
19 79 81
20 79 78
21 79 67
22 79 67
23 79 80
24 79 81
25 79 68
26 79 84
27 79 76
28 79 75
29 79 79
30 79 78
31 79 83
32 79 71
33 79 80
34 79 72
35 79 63
36 79 72
37 79 70
38 79 77
39 79 78
40 79 75
41 79 78
42 79 80
43 79 70
44 79 80
45 79 73
46 79 72
47 79 76
48 79 80
49 79 74
50 79 66
51 79 79
52 79 80
53 79 82
54 79 74
55 79 75
