6 1 77
10 1 73
14 1 74
12 2 81
1 5 74
13 5 76
1 6 78
11 6 76
13 7 85
5 8 85
10 9 71
1 10 81
3 10 74
4 10 76
9 10 79
12 10 78
22 10 64
4 11 72
6 11 76
2 12 72
5 12 81
7 13 62
14 13 69
1 14 80
13 14 81
3 15 54
7 15 52
8 15 53
10 15 58
11 15 62
12 15 60
13 15 67
14 15 59
16 15 52
18 15 67
22 15 42
1 16 82
4 16 78
5 16 84
6 16 81
22 16 65
1 17 37
3 17 28
4 17 31
5 17 41
6 17 36
8 17 27
9 17 34
10 17 31
11 17 35
13 17 40
14 17 33
15 17 20
16 17 26
18 17 40
19 17 40
20 17 38
21 17 42
22 17 20
1 18 37
3 18 28
5 18 41
7 18 26
8 18 27
9 18 34
10 18 31
11 18 35
13 18 40
14 18 32
15 18 20
16 18 26
17 18 46
19 18 40
20 18 38
21 18 42
22 18 20
1 19 38
3 19 28
5 19 41
7 19 27
8 19 27
9 19 35
10 19 31
11 19 35
12 19 33
13 19 40
14 19 33
15 19 21
16 19 27
17 19 46
18 19 40
20 19 38
21 19 42
22 19 20
1 20 37
3 20 28
5 20 41
6 20 36
8 20 27
9 20 34
10 20 31
11 20 35
13 20 40
14 20 32
15 20 20
16 20 26
17 20 46
18 20 40
19 20 40
21 20 42
22 20 20
1 21 37
3 21 28
4 21 31
5 21 40
8 21 27
9 21 34
10 21 30
11 21 34
13 21 39
14 21 32
15 21 20
16 21 26
17 21 45
18 21 39
19 21 39
20 21 37
22 21 19
1 22 87
2 22 82
3 22 81
4 22 83
5 22 88
6 22 86
7 22 80
8 22 80
9 22 85
10 22 83
11 22 85
12 22 84
13 22 88
14 22 84
