6 1 90
14 1 93
4 3 79
6 3 70
7 3 63
8 3 83
13 3 61
14 3 78
41 3 45
3 4 61
8 4 71
12 4 74
8 5 91
12 5 92
41 5 63
3 6 78
41 6 49
3 7 66
8 7 75
13 7 50
41 7 34
3 8 64
4 8 69
5 8 47
6 8 58
7 8 50
13 8 48
14 8 68
17 8 51
25 8 47
31 8 52
33 8 56
41 8 33
13 9 58
41 9 42
22 10 53
41 10 34
4 11 66
41 11 30
4 12 66
5 12 44
8 12 71
14 12 65
31 12 49
41 12 30
3 13 85
8 13 90
14 13 87
41 13 60
1 14 51
3 14 71
4 14 75
8 14 79
13 14 56
41 14 40
33 15 52
41 15 30
28 16 47
41 16 32
1 17 29
3 17 49
4 17 54
8 17 60
13 17 33
14 17 53
15 17 35
19 17 31
21 17 35
25 17 32
28 17 33
33 17 40
41 17 21
4 18 71
8 18 76
13 18 51
19 18 49
21 18 53
33 18 59
41 18 35
8 19 71
13 19 45
14 19 65
18 19 17
21 19 47
25 19 44
33 19 53
41 19 30
8 20 56
11 20 24
17 20 32
19 20 28
25 20 29
28 20 29
35 20 20
41 20 18
17 21 54
33 21 59
41 21 36
10 22 45
41 22 25
31 23 57
41 23 38
34 24 73
41 24 61
4 25 65
8 25 70
13 25 44
14 25 64
15 25 47
17 25 47
33 25 51
41 25 29
34 26 73
41 26 61
8 27 82
41 27 43
4 28 62
5 28 40
8 28 68
17 28 44
20 28 31
29 28 28
33 28 48
41 28 27
8 29 54
13 29 28
15 29 30
17 29 31
21 29 30
22 29 30
28 29 28
39 29 21
41 29 17
26 30 67
34 30 68
41 30 55
12 31 87
41 31 52
31 32 73
35 32 57
41 32 55
1 33 27
3 33 47
4 33 52
6 33 41
8 33 58
11 33 25
13 33 31
14 33 51
15 33 34
17 33 34
18 33 10
19 33 30
21 33 33
25 33 30
28 33 31
41 33 19
24 34 64
26 34 64
41 34 52
28 35 51
31 35 55
32 35 28
41 35 36
4 36 56
15 36 37
25 36 34
37 36 28
38 36 20
41 36 22
21 37 32
36 37 11
41 37 18
41 38 85
41 39 75
2 40 19
8 40 49
15 40 26
17 40 27
21 40 26
22 40 26
25 40 24
28 40 24
37 40 19
39 40 18
41 40 14
1 41 87
2 41 86
3 41 94
4 41 95
5 41 89
6 41 93
