4 3 77
5 3 79
2 4 78
3 4 75
5 4 78
3 5 73
4 5 73
18 6 30
8 7 37
9 7 41
13 7 32
18 7 21
3 8 33
7 8 45
9 8 43
10 8 33
12 8 40
13 8 34
14 8 19
18 8 22
3 9 32
7 9 43
8 9 38
10 9 32
13 9 33
14 9 18
18 9 21
8 10 41
9 10 45
12 10 41
13 10 35
14 10 20
18 10 23
5 11 34
7 11 42
8 11 37
13 11 32
17 11 32
18 11 20
7 12 51
8 12 46
10 12 39
18 12 27
2 13 73
3 13 69
4 13 69
5 13 72
18 13 56
18 14 75
18 15 72
18 16 74
15 17 66
18 17 63
1 18 89
2 18 86
3 18 84
4 18 84
5 18 86
