5 1 90
7 1 74
11 1 78
28 1 81
29 1 90
31 1 88
43 1 83
45 1 93
1 2 20
3 2 39
5 2 36
6 2 18
7 2 16
11 2 19
12 2 18
13 2 21
14 2 14
15 2 23
16 2 19
17 2 25
18 2 33
19 2 40
22 2 41
25 2 41
26 2 42
27 2 37
28 2 22
29 2 37
30 2 31
31 2 32
32 2 26
33 2 38
34 2 57
35 2 27
36 2 24
37 2 28
38 2 57
39 2 25
40 2 28
41 2 50
42 2 30
43 2 24
44 2 31
45 2 47
46 2 33
47 2 34
48 2 37
50 2 31
52 2 59
53 2 27
1 3 20
2 3 42
5 3 37
6 3 19
7 3 16
8 3 5
9 3 4
10 3 11
11 3 19
12 3 19
13 3 22
14 3 14
15 3 23
16 3 19
17 3 25
18 3 34
19 3 41
22 3 41
23 3 10
25 3 41
26 3 42
27 3 38
28 3 23
29 3 38
30 3 31
31 3 32
32 3 27
33 3 38
34 3 58
35 3 28
36 3 24
37 3 28
38 3 58
39 3 25
40 3 29
41 3 50
42 3 31
43 3 25
44 3 31
45 3 48
46 3 34
47 3 35
48 3 38
50 3 31
52 3 59
53 3 27
1 5 26
2 5 50
3 5 48
6 5 25
7 5 21
8 5 7
9 5 6
10 5 15
11 5 25
12 5 24
13 5 28
14 5 19
15 5 29
16 5 25
17 5 32
18 5 42
19 5 49
22 5 49
25 5 50
26 5 51
27 5 46
28 5 29
30 5 39
31 5 40
32 5 34
33 5 47
34 5 66
35 5 35
36 5 31
38 5 66
39 5 32
40 5 36
41 5 59
42 5 38
43 5 32
44 5 39
45 5 56
46 5 42
47 5 43
50 5 39
52 5 67
53 5 35
1 6 45
2 6 70
3 6 68
5 6 66
7 6 38
10 6 29
11 6 44
12 6 43
13 6 48
14 6 35
15 6 50
17 6 53
18 6 63
19 6 69
22 6 70
25 6 70
26 6 71
27 6 67
29 6 67
30 6 60
34 6 82
35 6 56
38 6 82
39 6 53
40 6 57
41 6 77
42 6 59
45 6 75
46 6 63
47 6 64
50 6 60
52 6 83
1 7 49
2 7 73
3 7 72
5 7 69
6 7 47
10 7 32
11 7 48
12 7 47
13 7 51
14 7 39
15 7 53
17 7 57
18 7 66
22 7 73
25 7 73
26 7 74
27 7 70
28 7 53
30 7 64
34 7 84
35 7 60
36 7 56
38 7 84
39 7 57
40 7 61
42 7 63
43 7 56
45 7 78
46 7 67
47 7 67
1 8 73
15 8 76
16 8 72
17 8 78
22 8 88
28 8 75
30 8 83
34 8 93
35 8 80
38 8 94
40 8 81
42 8 82
45 8 91
46 8 84
1 9 72
13 9 73
15 9 75
17 9 77
18 9 83
22 9 87
25 9 88
27 9 86
29 9 86
30 9 82
34 9 93
35 9 79
38 9 93
40 9 80
45 9 90
46 9 84
47 9 84
1 10 50
2 10 74
5 10 70
6 10 48
7 10 43
11 10 49
12 10 48
13 10 52
14 10 40
15 10 54
17 10 58
22 10 74
25 10 74
26 10 75
27 10 71
29 10 71
30 10 65
34 10 84
35 10 60
36 10 56
38 10 85
39 10 58
40 10 62
42 10 64
43 10 57
45 10 79
46 10 67
47 10 68
1 11 46
2 11 71
3 11 69
5 11 66
6 11 44
7 11 39
9 11 14
10 11 29
12 11 43
13 11 48
14 11 36
15 11 50
17 11 53
18 11 63
19 11 70
22 11 70
25 11 70
26 11 71
27 11 67
29 11 67
30 11 61
34 11 82
35 11 56
38 11 82
39 11 53
40 11 57
42 11 60
45 11 75
46 11 63
47 11 64
50 11 60
52 11 83
1 12 46
2 12 70
3 12 69
5 12 66
6 12 44
7 12 39
10 12 29
11 12 45
13 12 48
14 12 36
15 12 50
16 12 45
17 12 53
18 12 63
19 12 70
22 12 70
25 12 70
26 12 71
27 12 67
28 12 49
29 12 67
30 12 60
34 12 82
35 12 56
36 12 52
38 12 82
39 12 53
40 12 57
42 12 60
43 12 52
45 12 75
46 12 63
47 12 64
50 12 60
52 12 83
1 13 43
2 13 68
3 13 66
5 13 64
6 13 41
7 13 36
9 13 12
10 13 27
11 13 42
12 13 41
14 13 33
15 13 47
18 13 60
22 13 68
25 13 68
26 13 69
27 13 65
28 13 46
29 13 65
30 13 58
33 13 65
34 13 80
35 13 53
36 13 49
38 13 80
39 13 50
40 13 55
42 13 57
43 13 50
44 13 58
45 13 73
46 13 60
47 13 61
50 13 57
52 13 81
1 14 50
2 14 74
3 14 72
5 14 70
6 14 48
7 14 43
10 14 33
11 14 49
12 14 48
13 14 52
15 14 54
17 14 58
18 14 67
22 14 74
25 14 74
26 14 75
27 14 71
29 14 71
30 14 65
34 14 85
35 14 61
36 14 57
38 14 85
39 14 58
40 14 62
42 14 64
43 14 57
45 14 79
46 14 67
47 14 68
50 14 65
2 15 68
3 15 66
5 15 64
16 15 42
17 15 51
18 15 60
19 15 67
22 15 68
25 15 68
26 15 69
28 15 47
29 15 65
30 15 58
31 15 59
32 15 52
33 15 65
34 15 80
35 15 53
36 15 49
38 15 80
39 15 50
40 15 55
41 15 75
42 15 57
44 15 58
45 15 73
46 15 61
47 15 61
52 15 81
1 16 75
3 16 89
8 16 39
15 16 78
17 16 81
18 16 86
19 16 89
25 16 90
26 16 90
29 16 88
30 16 85
32 16 81
34 16 94
38 16 94
40 16 83
41 16 92
43 16 80
44 16 85
45 16 92
2 17 67
3 17 65
5 17 63
12 17 40
15 17 46
16 17 41
19 17 66
22 17 67
25 17 67
26 17 68
27 17 64
28 17 46
29 17 64
30 17 57
31 17 58
32 17 51
33 17 64
34 17 80
35 17 52
36 17 48
37 17 53
38 17 80
39 17 49
40 17 54
41 17 74
42 17 56
44 17 57
45 17 72
46 17 60
47 17 60
52 17 81
1 18 29
2 18 53
3 18 51
5 18 49
6 18 27
7 18 23
8 18 8
11 18 28
12 18 27
13 18 31
14 18 21
15 18 32
16 18 28
17 18 35
19 18 52
22 18 53
25 18 53
26 18 54
27 18 50
28 18 32
29 18 50
30 18 42
31 18 43
32 18 37
33 18 50
34 18 69
35 18 38
36 18 34
37 18 39
38 18 69
39 18 35
40 18 39
41 18 62
42 18 41
43 18 35
44 18 42
45 18 59
46 18 45
47 18 46
48 18 49
52 18 70
53 18 38
3 19 61
5 19 59
12 19 36
15 19 42
16 19 37
17 19 45
18 19 55
22 19 63
25 19 63
26 19 64
29 19 60
30 19 53
33 19 60
34 19 77
36 19 44
37 19 49
38 19 77
40 19 49
41 19 71
42 19 52
43 19 44
44 19 53
45 19 69
46 19 55
47 19 56
52 19 78
2 22 78
5 22 75
6 22 54
13 22 58
19 22 78
25 22 78
26 22 79
29 22 76
30 22 70
34 22 87
35 22 66
36 22 62
38 22 87
39 22 63
45 22 82
46 22 72
47 22 73
22 23 86
25 23 87
26 23 87
29 23 85
31 23 81
34 23 93
38 23 93
41 23 90
46 23 82
2 25 58
3 25 55
5 25 53
6 25 31
7 25 26
11 25 31
13 25 34
14 25 24
15 25 36
16 25 32
17 25 39
18 25 49
19 25 57
22 25 57
26 25 58
27 25 54
28 25 36
29 25 54
30 25 47
31 25 47
33 25 54
34 25 72
35 25 42
36 25 38
37 25 43
38 25 72
39 25 39
40 25 43
41 25 66
42 25 46
43 25 39
44 25 47
45 25 63
46 25 49
47 25 50
50 25 46
52 25 73
53 25 42
1 26 27
2 26 51
3 26 49
5 26 46
6 26 25
7 26 22
11 26 26
12 26 25
13 26 29
14 26 19
15 26 30
16 26 26
17 26 33
18 26 42
19 26 50
22 26 50
25 26 51
27 26 47
28 26 30
29 26 47
30 26 40
31 26 41
32 26 35
33 26 48
34 26 67
35 26 36
36 26 32
37 26 37
38 26 67
39 26 33
40 26 37
41 26 60
42 26 39
43 26 33
44 26 40
45 26 57
46 26 43
47 26 44
48 26 47
50 26 40
52 26 68
53 26 36
2 27 66
3 27 64
5 27 61
17 27 48
18 27 58
19 27 65
22 27 65
25 27 66
26 27 67
28 27 44
29 27 62
30 27 55
31 27 56
33 27 63
34 27 79
35 27 51
38 27 79
39 27 48
41 27 73
42 27 54
44 27 55
45 27 71
46 27 58
47 27 59
50 27 55
52 27 80
53 27 51
1 28 33
2 28 58
3 28 56
5 28 53
6 28 31
7 28 27
8 28 9
11 28 32
12 28 31
13 28 35
14 28 24
15 28 37
16 28 32
17 28 40
19 28 57
22 28 58
25 28 58
26 28 59
27 28 54
29 28 54
30 28 47
31 28 48
32 28 41
33 28 55
34 28 73
35 28 43
36 28 39
37 28 44
38 28 73
39 28 40
40 28 44
41 28 66
42 28 46
43 28 39
44 28 47
45 28 64
46 28 50
47 28 51
48 28 54
52 28 74
1 29 30
2 29 55
3 29 53
6 29 29
10 29 18
11 29 29
12 29 28
14 29 22
15 29 34
16 29 29
17 29 37
18 29 47
19 29 54
22 29 55
23 29 16
25 29 55
26 29 56
27 29 51
28 29 33
30 29 44
31 29 45
32 29 38
33 29 52
34 29 70
35 29 40
36 29 36
37 29 41
38 29 70
39 29 37
40 29 41
41 29 64
42 29 43
44 29 44
45 29 61
47 29 48
48 29 51
50 29 44
53 29 40
1 30 36
2 30 61
3 30 59
5 30 56
6 30 34
8 30 10
10 30 21
11 30 35
12 30 33
13 30 38
15 30 40
16 30 35
17 30 43
18 30 53
19 30 60
22 30 61
25 30 61
26 30 62
27 30 57
28 30 39
29 30 57
31 30 51
32 30 44
33 30 58
34 30 75
35 30 46
36 30 42
37 30 47
38 30 75
39 30 43
40 30 47
41 30 69
42 30 49
43 30 42
44 30 50
45 30 67
46 30 53
47 30 54
50 30 50
52 30 76
1 31 17
2 31 37
3 31 35
5 31 33
6 31 16
9 31 4
10 31 9
11 31 17
12 31 16
13 31 18
14 31 12
15 31 20
16 31 17
17 31 22
18 31 29
19 31 36
22 31 36
23 31 8
25 31 37
26 31 38
27 31 33
28 31 19
29 31 34
30 31 27
32 31 23
33 31 34
34 31 53
35 31 24
36 31 21
37 31 25
38 31 53
39 31 22
40 31 25
41 31 46
42 31 27
43 31 21
44 31 27
45 31 43
46 31 30
47 31 31
48 31 33
49 31 13
50 31 27
52 31 54
53 31 24
1 32 48
2 32 73
5 32 68
15 32 52
16 32 47
22 32 72
25 32 72
26 32 73
29 32 69
30 32 63
31 32 64
33 32 70
34 32 83
35 32 59
37 32 59
38 32 84
39 32 56
41 32 79
42 32 62
45 32 77
50 32 63
52 32 84
1 33 25
2 33 48
3 33 46
5 33 43
6 33 23
11 33 24
12 33 23
13 33 26
15 33 28
16 33 24
17 33 31
18 33 40
19 33 47
22 33 47
25 33 48
26 33 49
27 33 44
28 33 27
29 33 44
30 33 37
31 33 38
32 33 32
34 33 64
35 33 33
36 33 30
37 33 34
38 33 64
39 33 31
40 33 34
41 33 57
42 33 36
43 33 30
44 33 37
45 33 54
46 33 40
49 33 19
50 33 37
52 33 65
53 33 33
2 34 62
5 34 58
6 34 35
11 34 36
12 34 35
13 34 39
15 34 41
17 34 44
19 34 61
22 34 62
25 34 62
26 34 63
29 34 59
30 34 52
35 34 47
36 34 43
38 34 76
39 34 44
41 34 70
42 34 51
43 34 43
44 34 52
45 34 68
46 34 54
47 34 55
1 35 46
2 35 71
3 35 69
5 35 66
8 35 15
9 35 14
15 35 50
16 35 45
17 35 53
18 35 63
22 35 70
25 35 70
26 35 71
27 35 67
28 35 50
29 35 67
30 35 61
31 35 61
32 35 55
33 35 68
34 35 82
36 35 52
38 35 82
39 35 53
40 35 57
41 35 77
42 35 60
43 35 53
44 35 61
45 35 75
46 35 63
47 35 64
1 36 47
2 36 71
3 36 70
5 36 67
10 36 30
13 36 49
14 36 37
15 36 51
17 36 54
19 36 70
22 36 71
25 36 71
26 36 72
27 36 68
28 36 50
29 36 68
30 36 62
34 36 83
35 36 57
38 36 83
39 36 54
40 36 58
42 36 61
43 36 54
44 36 62
45 36 76
46 36 64
47 36 65
48 36 68
52 36 84
1 37 34
2 37 59
3 37 57
5 37 55
6 37 32
11 37 33
16 37 33
17 37 41
18 37 51
19 37 58
22 37 59
25 37 59
26 37 60
27 37 56
29 37 56
30 37 48
31 37 49
32 37 43
33 37 56
34 37 74
38 37 74
39 37 41
40 37 45
41 37 68
42 37 47
43 37 40
44 37 49
45 37 65
47 37 52
48 37 55
50 37 48
52 37 75
53 37 44
2 38 37
3 38 35
5 38 32
6 38 16
7 38 13
11 38 16
12 38 16
13 38 18
15 38 20
16 38 16
17 38 22
18 38 29
19 38 36
22 38 36
25 38 37
26 38 38
27 38 33
28 38 19
29 38 33
30 38 27
31 38 28
33 38 34
34 38 53
35 38 24
36 38 21
37 38 24
39 38 22
40 38 25
41 38 45
42 38 26
43 38 21
44 38 27
45 38 43
46 38 30
47 38 30
50 38 27
52 38 54
53 38 24
2 39 65
3 39 63
5 39 60
6 39 37
7 39 33
12 39 37
13 39 41
14 39 30
15 39 43
16 39 38
17 39 47
18 39 57
19 39 64
22 39 64
25 39 65
26 39 66
27 39 61
28 39 43
29 39 61
30 39 54
31 39 55
32 39 48
33 39 62
34 39 78
35 39 50
36 39 46
37 39 51
38 39 78
40 39 51
41 39 72
42 39 53
43 39 46
44 39 54
45 39 70
46 39 57
47 39 58
52 39 79
1 40 42
2 40 67
3 40 65
5 40 62
6 40 40
7 40 35
8 40 13
9 40 12
10 40 26
11 40 40
12 40 39
13 40 44
14 40 32
15 40 46
16 40 41
17 40 49
18 40 59
19 40 66
22 40 66
25 40 67
26 40 68
27 40 63
28 40 45
29 40 63
30 40 56
31 40 57
33 40 64
34 40 79
35 40 52
36 40 48
37 40 53
38 40 80
39 40 49
41 40 74
42 40 55
43 40 48
44 40 56
45 40 72
46 40 59
47 40 60
1 41 23
2 41 45
3 41 43
5 41 40
6 41 21
8 41 6
11 41 22
12 41 21
14 41 16
15 41 26
16 41 22
17 41 28
18 41 37
19 41 44
22 41 45
25 41 45
26 41 46
27 41 41
28 41 25
29 41 41
30 41 35
31 41 35
32 41 30
33 41 42
34 41 61
35 41 31
36 41 27
37 41 31
38 41 61
39 41 28
40 41 32
42 41 34
43 41 28
44 41 35
45 41 51
46 41 37
48 41 41
50 41 34
52 41 63
53 41 31
1 42 35
2 42 61
3 42 58
5 42 56
6 42 33
7 42 29
8 42 10
11 42 34
12 42 33
13 42 37
14 42 26
16 42 34
17 42 42
18 42 52
19 42 60
22 42 60
25 42 60
26 42 61
27 42 57
28 42 39
29 42 57
30 42 50
31 42 50
32 42 44
33 42 57
34 42 75
35 42 45
36 42 41
37 42 46
38 42 75
39 42 42
40 42 46
41 42 69
43 42 42
44 42 50
45 42 66
46 42 53
47 42 53
48 42 56
52 42 76
1 43 44
2 43 69
3 43 67
5 43 65
7 43 37
12 43 42
13 43 46
16 43 43
18 43 61
19 43 68
22 43 69
25 43 69
26 43 70
27 43 66
28 43 48
29 43 66
30 43 59
31 43 60
33 43 66
34 43 81
35 43 54
36 43 50
38 43 81
39 43 52
40 43 56
41 43 76
42 43 58
44 43 59
45 43 74
46 43 62
47 43 62
50 43 59
52 43 82
1 44 25
2 44 48
3 44 46
5 44 43
6 44 23
11 44 24
12 44 23
13 44 26
15 44 28
16 44 24
17 44 31
18 44 40
19 44 47
22 44 48
25 44 48
26 44 49
27 44 44
28 44 27
29 44 44
30 44 37
31 44 38
33 44 45
34 44 64
35 44 33
36 44 30
37 44 34
38 44 64
39 44 31
40 44 34
41 44 57
42 44 36
43 44 30
45 44 54
46 44 40
47 44 41
50 44 37
52 44 65
53 44 33
1 45 17
2 45 37
3 45 34
5 45 32
6 45 16
7 45 13
8 45 4
9 45 4
10 45 9
11 45 16
12 45 16
13 45 18
14 45 12
15 45 19
16 45 16
17 45 22
18 45 29
19 45 35
22 45 36
25 45 36
26 45 37
27 45 33
28 45 19
29 45 33
30 45 27
31 45 28
32 45 23
33 45 33
34 45 52
35 45 24
36 45 21
37 45 24
38 45 53
39 45 22
40 45 24
41 45 45
42 45 26
43 45 21
44 45 27
46 45 29
47 45 30
48 45 33
1 46 24
2 46 47
3 46 45
5 46 42
6 46 22
7 46 19
8 46 6
10 46 13
11 46 23
12 46 22
13 46 25
14 46 17
15 46 27
16 46 23
17 46 30
18 46 38
19 46 46
22 46 46
23 46 12
25 46 47
26 46 48
27 46 43
28 46 26
29 46 43
30 46 36
31 46 37
33 46 44
34 46 63
35 46 32
36 46 29
38 46 63
39 46 30
40 46 33
41 46 56
42 46 35
43 46 29
44 46 36
45 46 53
47 46 40
50 46 36
52 46 64
1 47 42
2 47 67
3 47 65
5 47 63
6 47 40
7 47 35
13 47 44
14 47 32
16 47 41
17 47 50
18 47 59
19 47 66
22 47 67
25 47 67
26 47 68
27 47 64
28 47 46
29 47 64
30 47 57
31 47 58
33 47 64
34 47 80
35 47 52
36 47 48
38 47 80
39 47 50
40 47 54
41 47 75
42 47 56
45 47 73
46 47 60
2 48 10
5 48 9
7 48 3
8 48 1
11 48 4
12 48 4
13 48 4
14 48 3
15 48 5
17 48 5
19 48 10
22 48 10
25 48 10
27 48 9
28 48 4
29 48 9
30 48 7
32 48 5
33 48 9
34 48 18
35 48 6
36 48 5
37 48 6
38 48 18
40 48 6
41 48 14
42 48 7
43 48 5
47 48 8
50 48 7
52 48 19
53 48 6
48 49 92
2 50 77
5 50 74
6 50 53
7 50 47
11 50 53
13 50 57
14 50 44
22 50 77
25 50 77
26 50 78
27 50 74
29 50 74
30 50 69
31 50 69
32 50 63
34 50 87
36 50 61
37 50 65
44 50 69
48 50 74
52 50 87
53 50 64
3 52 49
5 52 47
6 52 26
11 52 26
13 52 29
22 52 51
25 52 51
26 52 52
27 52 48
28 52 30
30 52 40
34 52 67
35 52 36
36 52 32
37 52 37
38 52 67
39 52 34
40 52 37
50 52 40
53 52 36
2 53 61
3 53 59
5 53 56
16 53 34
18 53 52
19 53 60
22 53 60
25 53 60
26 53 61
27 53 57
29 53 57
31 53 51
32 53 44
33 53 57
34 53 75
35 53 45
38 53 75
41 53 69
42 53 49
44 53 50
50 53 49
52 53 76
1 54 76
2 54 90
3 54 89
4 54 19
5 54 88
6 54 74
7 54 70
8 54 39
9 54 36
10 54 60
11 54 75
12 54 74
13 54 77
14 54 67
15 54 79
16 54 75
17 54 81
18 54 86
19 54 89
20 54 59
21 54 93
22 54 90
23 54 58
24 54 82
25 54 90
26 54 90
27 54 88
28 54 78
29 54 88
30 54 85
31 54 85
32 54 82
33 54 88
34 54 94
35 54 82
36 54 80
37 54 83
38 54 94
39 54 81
40 54 83
41 54 93
42 54 84
43 54 80
44 54 85
46 54 86
47 54 87
48 54 88
49 54 70
50 54 85
51 54 50
52 54 95
53 54 82
