5 4 64
10 4 72
11 4 65
13 4 73
4 5 74
12 6 65
16 6 66
21 9 50
4 10 67
13 10 70
4 11 76
14 11 79
4 12 73
6 12 74
17 12 73
4 13 64
11 14 61
2 15 76
17 16 71
12 17 62
16 17 63
21 17 43
1 18 34
2 18 23
4 18 31
5 18 25
6 18 32
7 18 34
8 18 20
9 18 27
10 18 33
11 18 27
12 18 28
13 18 34
14 18 34
15 18 22
16 18 29
17 18 31
19 18 24
20 18 18
21 18 15
6 19 56
9 19 50
12 19 52
16 19 53
17 19 55
21 19 33
1 20 35
2 20 24
4 20 32
5 20 26
6 20 33
8 20 21
9 20 28
10 20 34
11 20 27
12 20 29
13 20 35
14 20 35
15 20 22
16 20 30
17 20 32
18 20 24
19 20 25
21 20 16
1 21 82
2 21 73
3 21 71
4 21 80
5 21 75
6 21 81
7 21 82
8 21 69
9 21 77
10 21 81
11 21 76
12 21 77
13 21 82
14 21 82
15 21 71
16 21 78
