2 1 72
4 1 78
7 1 79
15 1 82
20 1 75
21 1 74
22 1 76
37 1 78
42 1 73
73 1 81
74 1 75
90 1 78
95 1 76
1 2 74
4 2 81
21 2 76
42 2 76
44 2 85
49 2 77
72 2 82
73 2 83
74 2 78
78 2 79
2 3 58
4 3 66
5 3 64
7 3 67
9 3 63
12 3 67
13 3 75
14 3 66
15 3 71
16 3 66
19 3 69
24 3 68
26 3 66
28 3 65
29 3 66
32 3 65
35 3 65
38 3 61
40 3 66
42 3 60
43 3 69
44 3 73
46 3 73
47 3 70
48 3 68
58 3 66
59 3 68
62 3 65
63 3 67
64 3 68
65 3 70
66 3 67
67 3 57
68 3 73
69 3 65
70 3 69
72 3 68
73 3 70
74 3 62
81 3 68
88 3 67
90 3 66
95 3 64
1 4 52
2 4 52
3 4 56
5 4 58
7 4 62
8 4 55
9 4 57
11 4 56
12 4 62
13 4 70
14 4 60
15 4 66
16 4 60
17 4 56
18 4 74
19 4 64
20 4 56
22 4 58
23 4 59
24 4 62
26 4 60
27 4 65
28 4 59
29 4 60
31 4 56
32 4 59
33 4 57
34 4 55
35 4 59
37 4 60
40 4 61
42 4 53
43 4 63
44 4 68
46 4 68
47 4 64
48 4 62
50 4 59
58 4 61
59 4 63
60 4 59
61 4 59
62 4 60
63 4 61
64 4 62
65 4 65
66 4 61
67 4 51
69 4 59
70 4 63
72 4 62
73 4 64
74 4 56
78 4 58
79 4 56
81 4 62
88 4 61
92 4 60
95 4 58
1 5 54
2 5 54
3 5 58
4 5 63
7 5 64
8 5 57
9 5 60
11 5 58
12 5 64
13 5 72
14 5 62
15 5 68
16 5 63
17 5 58
19 5 66
20 5 58
21 5 57
22 5 60
23 5 61
24 5 64
25 5 59
26 5 62
27 5 67
28 5 62
29 5 62
31 5 58
32 5 62
33 5 60
34 5 58
35 5 62
37 5 62
38 5 58
39 5 61
40 5 63
41 5 52
42 5 56
43 5 65
44 5 70
46 5 70
47 5 66
48 5 64
49 5 57
50 5 61
51 5 57
54 5 60
55 5 60
56 5 60
57 5 61
58 5 63
59 5 65
60 5 61
61 5 61
62 5 62
63 5 64
64 5 64
65 5 67
66 5 64
67 5 53
68 5 70
69 5 62
70 5 66
72 5 64
73 5 66
74 5 59
78 5 60
79 5 59
81 5 64
88 5 63
89 5 57
90 5 62
95 5 60
20 6 80
21 6 79
23 6 82
31 6 80
46 6 87
73 6 85
74 6 80
79 6 80
1 7 56
2 7 56
3 7 60
4 7 64
5 7 62
8 7 59
9 7 61
11 7 60
12 7 66
14 7 64
15 7 69
16 7 64
17 7 60
18 7 77
19 7 68
20 7 60
21 7 59
22 7 61
23 7 63
24 7 66
25 7 60
26 7 64
27 7 69
28 7 63
29 7 64
31 7 60
32 7 63
33 7 61
34 7 59
35 7 63
37 7 63
40 7 64
42 7 58
43 7 67
44 7 71
46 7 71
47 7 68
48 7 66
50 7 63
58 7 65
59 7 66
60 7 63
61 7 63
62 7 64
63 7 65
64 7 66
65 7 69
66 7 65
68 7 72
69 7 63
70 7 67
72 7 66
73 7 68
74 7 60
77 7 56
78 7 62
79 7 60
81 7 66
88 7 65
89 7 58
90 7 64
92 7 64
95 7 62
2 8 57
4 8 65
5 8 63
7 8 66
9 8 62
11 8 61
12 8 66
13 8 74
14 8 65
15 8 70
16 8 65
20 8 61
22 8 62
23 8 64
24 8 67
25 8 61
27 8 70
28 8 64
29 8 65
31 8 61
32 8 64
33 8 62
35 8 64
37 8 64
38 8 60
39 8 63
40 8 65
42 8 58
43 8 68
44 8 72
45 8 57
46 8 72
47 8 69
48 8 67
49 8 60
50 8 64
51 8 60
52 8 55
54 8 62
55 8 62
56 8 62
57 8 64
58 8 65
59 8 67
60 8 64
61 8 64
62 8 64
63 8 66
64 8 67
65 8 69
66 8 66
68 8 73
69 8 64
70 8 68
72 8 67
73 8 69
74 8 61
78 8 63
79 8 61
81 8 67
88 8 66
90 8 65
95 8 63
1 9 54
2 9 54
3 9 58
4 9 63
5 9 60
7 9 64
8 9 57
11 9 58
12 9 64
13 9 72
14 9 62
15 9 68
16 9 63
17 9 58
18 9 75
19 9 66
20 9 58
21 9 57
22 9 60
23 9 61
24 9 64
25 9 58
26 9 62
27 9 67
28 9 61
29 9 62
31 9 58
32 9 62
33 9 59
34 9 57
35 9 61
37 9 62
38 9 57
39 9 61
40 9 63
42 9 56
43 9 65
44 9 70
45 9 54
46 9 70
47 9 66
48 9 64
49 9 57
50 9 61
51 9 57
52 9 52
54 9 60
55 9 60
56 9 60
57 9 61
58 9 63
59 9 65
60 9 61
61 9 61
62 9 62
63 9 63
64 9 64
65 9 67
66 9 63
68 9 70
69 9 61
70 9 65
72 9 64
73 9 66
74 9 58
77 9 54
78 9 60
79 9 59
81 9 64
88 9 63
89 9 56
90 9 62
92 9 62
95 9 60
1 10 65
2 10 65
4 10 72
5 10 70
11 10 69
13 10 80
15 10 77
16 10 72
17 10 69
18 10 83
19 10 75
20 10 69
21 10 67
22 10 70
23 10 71
24 10 74
25 10 69
26 10 72
27 10 76
28 10 71
29 10 72
30 10 49
31 10 69
32 10 71
35 10 71
37 10 72
39 10 71
40 10 72
41 10 63
42 10 66
44 10 78
46 10 78
47 10 75
48 10 74
51 10 67
52 10 63
54 10 70
55 10 70
56 10 70
57 10 71
58 10 73
59 10 74
61 10 71
62 10 72
63 10 73
64 10 74
65 10 76
66 10 73
69 10 71
70 10 75
71 10 45
72 10 74
73 10 75
124 10 49
1 11 51
2 11 51
4 11 60
5 11 57
6 11 39
7 11 61
8 11 54
9 11 57
12 11 61
13 11 69
14 11 59
15 11 65
16 11 60
17 11 56
18 11 73
19 11 63
20 11 56
21 11 54
22 11 57
23 11 58
24 11 61
25 11 56
26 11 60
27 11 65
28 11 59
29 11 59
31 11 56
32 11 59
33 11 57
34 11 55
35 11 59
37 11 59
38 11 55
39 11 58
40 11 60
41 11 49
42 11 53
43 11 63
44 11 67
46 11 67
47 11 64
48 11 62
49 11 54
50 11 59
51 11 54
53 11 47
54 11 57
55 11 57
56 11 57
57 11 58
58 11 60
59 11 62
60 11 59
61 11 58
62 11 59
63 11 61
64 11 61
65 11 64
66 11 61
68 11 68
69 11 59
70 11 63
72 11 62
73 11 64
74 11 56
78 11 58
79 11 56
81 11 62
88 11 61
89 11 54
90 11 60
95 11 58
3 12 66
4 12 70
5 12 68
7 12 71
14 12 69
15 12 75
17 12 66
19 12 73
24 12 71
26 12 70
28 12 69
29 12 69
31 12 66
32 12 69
33 12 67
34 12 65
35 12 69
38 12 65
39 12 69
40 12 70
43 12 72
44 12 76
45 12 62
46 12 76
47 12 73
48 12 72
51 12 65
52 12 61
54 12 67
55 12 67
56 12 67
57 12 69
59 12 72
60 12 69
61 12 69
62 12 69
63 12 71
64 12 71
65 12 74
66 12 71
69 12 69
70 12 73
72 12 72
73 12 73
81 12 71
90 12 70
3 13 52
4 13 57
5 13 54
7 13 58
9 13 54
12 13 58
14 13 56
15 13 62
16 13 57
17 13 52
19 13 60
23 13 55
24 13 58
26 13 56
27 13 62
28 13 55
32 13 56
33 13 53
34 13 51
35 13 55
38 13 51
40 13 57
43 13 59
44 13 64
46 13 64
47 13 60
48 13 58
49 13 51
50 13 55
51 13 51
58 13 57
59 13 59
60 13 55
61 13 55
62 13 56
63 13 57
64 13 58
65 13 61
66 13 57
67 13 47
68 13 65
69 13 55
70 13 60
72 13 59
73 13 61
78 13 54
81 13 58
88 13 57
90 13 56
92 13 57
95 13 54
1 14 54
3 14 58
4 14 62
5 14 60
7 14 64
9 14 59
11 14 58
12 14 64
15 14 68
17 14 58
18 14 75
19 14 66
20 14 58
21 14 56
22 14 59
23 14 61
24 14 64
25 14 58
26 14 62
27 14 67
28 14 61
29 14 62
31 14 58
32 14 61
33 14 59
34 14 57
35 14 61
37 14 61
38 14 57
39 14 61
40 14 62
42 14 55
43 14 65
44 14 70
46 14 69
47 14 66
48 14 64
49 14 57
50 14 61
51 14 57
53 14 50
54 14 59
55 14 59
56 14 59
57 14 61
58 14 63
59 14 65
60 14 61
61 14 61
62 14 62
63 14 63
64 14 64
65 14 67
66 14 63
68 14 70
69 14 61
70 14 65
72 14 64
73 14 66
74 14 58
77 14 54
78 14 60
79 14 58
81 14 64
88 14 63
89 14 56
90 14 62
95 14 60
1 15 44
2 15 44
3 15 48
4 15 53
5 15 50
6 15 32
7 15 54
8 15 47
9 15 49
10 15 25
11 15 48
12 15 54
13 15 63
14 15 52
16 15 53
17 15 48
18 15 67
19 15 56
20 15 48
21 15 46
22 15 49
23 15 51
24 15 54
25 15 48
26 15 52
27 15 58
28 15 51
29 15 52
31 15 48
32 15 51
33 15 49
34 15 47
35 15 51
37 15 52
38 15 47
39 15 51
40 15 53
41 15 42
42 15 45
43 15 55
44 15 60
45 15 44
46 15 60
47 15 56
48 15 54
49 15 47
50 15 51
51 15 46
52 15 42
54 15 49
55 15 49
56 15 49
57 15 51
58 15 53
59 15 55
60 15 51
61 15 51
62 15 52
63 15 53
64 15 54
65 15 57
66 15 53
67 15 43
68 15 61
69 15 51
70 15 56
71 15 26
72 15 54
73 15 56
74 15 48
78 15 50
79 15 48
81 15 54
88 15 53
89 15 46
90 15 52
95 15 50
124 15 29
3 16 60
4 16 65
5 16 62
7 16 66
8 16 59
9 16 62
12 16 66
14 16 64
15 16 70
18 16 77
19 16 68
20 16 60
22 16 62
23 16 63
24 16 66
25 16 61
26 16 64
27 16 69
28 16 63
29 16 64
31 16 60
32 16 64
33 16 62
34 16 60
35 16 64
37 16 64
39 16 63
40 16 65
41 16 54
42 16 58
43 16 67
44 16 72
46 16 72
47 16 68
48 16 66
49 16 59
50 16 63
54 16 62
55 16 62
56 16 62
57 16 63
58 16 65
59 16 67
60 16 63
61 16 63
62 16 64
63 16 65
64 16 66
65 16 69
66 16 65
68 16 72
69 16 63
70 16 68
72 16 66
73 16 68
74 16 61
77 16 56
78 16 62
81 16 66
88 16 65
89 16 59
90 16 64
95 16 62
1 17 51
2 17 51
4 17 60
5 17 57
7 17 61
8 17 54
9 17 57
11 17 55
12 17 61
13 17 69
14 17 59
15 17 65
16 17 60
18 17 73
19 17 63
20 17 55
21 17 54
22 17 57
23 17 58
24 17 61
26 17 60
27 17 65
28 17 59
29 17 59
31 17 55
32 17 59
33 17 57
34 17 55
35 17 59
37 17 59
39 17 58
40 17 60
42 17 53
43 17 63
44 17 67
46 17 67
47 17 63
48 17 62
50 17 59
51 17 54
54 17 57
55 17 57
56 17 57
57 17 58
58 17 60
59 17 62
60 17 58
61 17 58
62 17 59
63 17 61
64 17 61
65 17 64
66 17 61
67 17 50
68 17 68
69 17 59
70 17 63
72 17 62
73 17 64
74 17 56
79 17 56
81 17 61
88 17 61
89 17 54
90 17 60
92 17 60
95 17 57
2 18 34
3 18 38
4 18 43
7 18 44
9 18 40
11 18 38
12 18 44
14 18 42
15 18 49
16 18 43
17 18 38
19 18 46
20 18 38
21 18 37
22 18 40
23 18 41
24 18 44
25 18 39
26 18 42
27 18 48
28 18 41
31 18 38
36 18 29
38 18 38
41 18 32
44 18 51
45 18 34
46 18 51
47 18 46
48 18 44
49 18 37
51 18 37
63 18 44
65 18 47
70 18 46
72 18 45
73 18 47
74 18 39
79 18 39
81 18 44
83 18 31
85 18 46
87 18 41
89 18 37
95 18 40
124 18 22
1 19 46
2 19 46
3 19 50
4 19 55
5 19 52
7 19 56
8 19 49
11 19 50
12 19 56
13 19 65
14 19 54
15 19 61
16 19 55
17 19 50
18 19 69
20 19 50
21 19 49
22 19 52
23 19 53
24 19 56
25 19 50
26 19 55
27 19 60
28 19 54
29 19 54
31 19 50
32 19 54
33 19 51
34 19 49
35 19 54
36 19 40
37 19 54
38 19 50
39 19 53
40 19 55
41 19 44
42 19 48
43 19 58
44 19 63
45 19 46
46 19 63
47 19 59
48 19 57
49 19 49
50 19 53
51 19 49
52 19 44
53 19 42
54 19 52
55 19 52
56 19 52
57 19 53
58 19 55
59 19 57
60 19 53
61 19 53
62 19 54
63 19 56
64 19 56
65 19 59
66 19 56
67 19 45
68 19 63
69 19 54
70 19 58
72 19 57
73 19 59
74 19 50
77 19 46
78 19 52
79 19 51
81 19 56
88 19 56
90 19 54
92 19 55
95 19 52
124 19 31
1 20 57
2 20 57
4 20 65
5 20 63
6 20 45
7 20 67
8 20 60
9 20 62
11 20 61
12 20 66
14 20 65
15 20 70
16 20 65
17 20 61
18 20 78
19 20 68
21 20 60
22 20 62
23 20 64
24 20 67
25 20 61
26 20 65
28 20 64
29 20 65
31 20 61
32 20 64
33 20 62
34 20 60
35 20 64
37 20 64
39 20 64
40 20 65
43 20 68
44 20 72
46 20 72
47 20 69
48 20 67
49 20 60
50 20 64
51 20 60
53 20 53
54 20 62
55 20 62
56 20 62
57 20 64
59 20 67
60 20 64
61 20 64
62 20 64
63 20 66
64 20 67
65 20 69
66 20 66
68 20 73
69 20 64
70 20 68
72 20 67
73 20 69
74 20 61
77 20 57
78 20 63
79 20 61
81 20 67
88 20 66
90 20 65
95 20 63
124 20 41
1 21 58
2 21 58
4 21 66
5 21 63
6 21 46
7 21 67
9 21 63
11 21 62
12 21 67
14 21 65
15 21 71
16 21 66
17 21 62
18 21 78
19 21 69
20 21 62
22 21 63
23 21 64
24 21 67
26 21 66
27 21 70
28 21 65
29 21 65
31 21 62
32 21 65
33 21 63
34 21 61
35 21 65
37 21 65
39 21 64
40 21 66
43 21 68
44 21 73
46 21 73
47 21 69
48 21 68
49 21 61
50 21 65
53 21 54
54 21 63
55 21 63
56 21 63
57 21 64
58 21 66
59 21 68
60 21 65
61 21 64
62 21 65
63 21 67
64 21 67
65 21 70
66 21 67
68 21 73
69 21 65
70 21 69
72 21 68
73 21 69
77 21 57
78 21 64
79 21 62
81 21 67
88 21 67
89 21 60
90 21 66
95 21 64
124 21 42
1 22 57
2 22 57
4 22 65
5 22 62
6 22 45
7 22 66
9 22 62
11 22 61
12 22 66
13 22 74
14 22 64
15 22 70
16 22 65
17 22 61
18 22 77
19 22 68
20 22 61
21 22 59
23 22 64
24 22 66
25 22 61
26 22 65
27 22 70
28 22 64
29 22 64
31 22 61
32 22 64
33 22 62
34 22 60
35 22 64
37 22 64
39 22 63
40 22 65
42 22 58
43 22 68
44 22 72
46 22 72
47 22 68
48 22 67
49 22 60
50 22 64
53 22 53
54 22 62
55 22 62
56 22 62
57 22 64
58 22 65
59 22 67
60 22 64
61 22 64
62 22 64
63 22 66
64 22 66
65 22 69
66 22 66
68 22 72
69 22 64
70 22 68
72 22 67
73 22 69
74 22 61
77 22 57
78 22 63
81 22 66
88 22 66
89 22 59
95 22 63
124 22 41
1 23 53
2 23 53
4 23 62
5 23 59
6 23 41
7 23 63
8 23 56
9 23 59
11 23 57
12 23 63
14 23 61
15 23 67
16 23 62
17 23 57
19 23 65
20 23 57
21 23 56
22 23 59
24 23 63
25 23 58
26 23 61
27 23 66
28 23 61
29 23 61
31 23 57
32 23 61
33 23 58
34 23 57
35 23 61
37 23 61
38 23 57
39 23 60
40 23 62
41 23 51
42 23 55
43 23 64
44 23 69
45 23 53
46 23 69
47 23 65
48 23 63
49 23 56
50 23 60
51 23 56
52 23 52
53 23 49
54 23 59
55 23 59
56 23 59
57 23 60
58 23 62
59 23 64
60 23 60
61 23 60
62 23 61
63 23 63
64 23 63
65 23 66
66 23 63
68 23 69
69 23 61
70 23 65
72 23 64
73 23 65
74 23 58
77 23 53
78 23 59
79 23 58
81 23 63
88 23 62
89 23 56
90 23 61
95 23 59
3 24 57
4 24 61
5 24 59
7 24 63
8 24 56
9 24 58
10 24 32
11 24 57
12 24 63
14 24 61
15 24 67
16 24 61
18 24 75
19 24 65
20 24 57
21 24 56
22 24 58
23 24 60
25 24 57
26 24 61
27 24 66
28 24 60
29 24 61
31 24 57
32 24 60
33 24 58
34 24 56
35 24 60
37 24 60
38 24 56
39 24 60
40 24 61
42 24 54
43 24 64
44 24 69
46 24 69
47 24 65
48 24 63
49 24 56
50 24 60
52 24 51
53 24 49
54 24 58
55 24 58
56 24 58
57 24 60
58 24 62
59 24 64
60 24 60
61 24 60
62 24 61
63 24 62
64 24 63
65 24 66
66 24 62
68 24 69
69 24 60
70 24 64
72 24 63
73 24 65
74 24 57
77 24 53
78 24 59
79 24 57
81 24 63
88 24 62
89 24 55
90 24 61
95 24 59
5 25 62
7 25 66
8 25 59
9 25 61
11 25 60
12 25 65
13 25 73
14 25 64
15 25 69
16 25 64
18 25 77
19 25 67
20 25 60
22 25 61
23 25 63
24 25 66
26 25 64
27 25 69
28 25 63
29 25 64
31 25 60
32 25 63
33 25 61
34 25 59
35 25 63
36 25 49
37 25 63
39 25 63
40 25 64
43 25 67
44 25 71
46 25 71
47 25 68
48 25 66
49 25 59
50 25 63
54 25 61
55 25 61
56 25 61
57 25 63
58 25 64
59 25 66
60 25 63
61 25 63
62 25 64
63 25 65
64 25 66
65 25 68
66 25 65
68 25 72
69 25 63
70 25 67
72 25 66
73 25 68
74 25 60
78 25 62
79 25 60
81 25 66
88 25 65
89 25 58
90 25 64
95 25 62
3 26 62
4 26 67
5 26 64
7 26 68
9 26 64
12 26 68
14 26 66
15 26 71
16 26 66
18 26 78
19 26 70
20 26 62
22 26 64
24 26 68
25 26 62
27 26 71
28 26 65
29 26 66
31 26 62
32 26 65
33 26 63
34 26 61
35 26 65
38 26 62
39 26 65
40 26 67
42 26 60
43 26 69
44 26 73
46 26 73
47 26 70
48 26 68
50 26 65
54 26 64
55 26 64
56 26 64
57 26 65
58 26 67
59 26 69
61 26 65
62 26 66
63 26 67
64 26 68
65 26 71
66 26 67
69 26 65
70 26 69
72 26 68
73 26 70
74 26 62
78 26 64
79 26 63
81 26 68
88 26 67
89 26 61
1 27 48
2 27 48
4 27 57
5 27 54
7 27 58
8 27 51
9 27 54
11 27 52
12 27 58
13 27 66
14 27 56
15 27 62
16 27 57
17 27 52
19 27 60
21 27 51
22 27 54
23 27 55
24 27 58
25 27 52
26 27 56
28 27 55
29 27 56
31 27 52
32 27 56
33 27 53
34 27 51
35 27 55
36 27 41
37 27 56
38 27 51
39 27 55
40 27 57
41 27 46
42 27 50
43 27 59
44 27 64
45 27 48
46 27 64
47 27 60
48 27 58
49 27 51
50 27 55
51 27 51
52 27 46
53 27 44
54 27 54
55 27 54
56 27 54
57 27 55
58 27 57
59 27 59
60 27 55
61 27 55
62 27 56
63 27 57
64 27 58
65 27 61
66 27 57
67 27 47
68 27 65
69 27 55
70 27 60
72 27 59
73 27 61
74 27 52
77 27 48
78 27 54
79 27 53
81 27 58
88 27 57
90 27 56
92 27 57
95 27 54
124 27 33
1 28 54
3 28 58
4 28 63
5 28 60
7 28 64
9 28 60
11 28 58
12 28 64
14 28 62
15 28 68
16 28 63
19 28 66
20 28 58
21 28 57
22 28 60
23 28 61
24 28 64
26 28 62
27 28 67
29 28 62
30 28 38
31 28 58
32 28 62
33 28 59
34 28 57
35 28 61
37 28 62
38 28 57
39 28 61
40 28 63
42 28 56
43 28 65
44 28 70
46 28 70
47 28 66
48 28 64
49 28 57
50 28 61
54 28 60
55 28 60
56 28 60
57 28 61
58 28 63
59 28 65
60 28 61
61 28 61
62 28 62
63 28 63
64 28 64
65 28 67
66 28 63
68 28 70
69 28 61
70 28 65
72 28 64
73 28 66
74 28 58
77 28 54
78 28 60
79 28 59
81 28 64
88 28 63
89 28 56
90 28 62
95 28 60
1 29 54
3 29 58
4 29 63
5 29 60
7 29 64
9 29 60
11 29 58
12 29 64
14 29 62
15 29 68
16 29 63
17 29 58
19 29 66
20 29 58
21 29 57
22 29 60
23 29 61
24 29 64
26 29 62
27 29 67
28 29 61
30 29 38
31 29 58
32 29 62
33 29 59
34 29 57
35 29 61
37 29 62
38 29 57
39 29 61
40 29 63
41 29 52
42 29 56
43 29 65
44 29 70
46 29 70
47 29 66
48 29 64
49 29 57
50 29 61
51 29 57
54 29 60
55 29 60
56 29 60
57 29 61
58 29 63
59 29 65
60 29 61
61 29 61
62 29 62
63 29 63
64 29 64
65 29 67
66 29 63
69 29 61
70 29 65
72 29 64
73 29 66
74 29 58
78 29 60
79 29 59
81 29 64
88 29 63
89 29 56
90 29 62
92 29 62
95 29 60
9 30 75
24 30 79
28 30 77
29 30 77
33 30 75
39 30 76
44 30 83
46 30 83
47 30 80
48 30 79
50 30 77
51 30 73
54 30 76
55 30 76
56 30 76
57 30 77
59 30 79
61 30 77
62 30 77
63 30 78
64 30 79
65 30 81
66 30 78
68 30 83
70 30 80
73 30 80
79 30 75
81 30 79
88 30 78
1 31 58
4 31 67
5 31 64
7 31 68
8 31 61
9 31 64
11 31 62
12 31 68
14 31 66
15 31 72
16 31 67
17 31 62
19 31 70
20 31 62
21 31 61
22 31 64
23 31 65
24 31 68
25 31 63
26 31 66
27 31 71
28 31 65
29 31 66
32 31 66
33 31 64
34 31 62
35 31 65
37 31 66
38 31 62
39 31 65
40 31 67
41 31 56
42 31 60
43 31 69
44 31 73
45 31 58
46 31 73
47 31 70
48 31 68
49 31 61
50 31 65
51 31 61
52 31 57
54 31 64
55 31 64
56 31 64
57 31 65
58 31 67
59 31 69
60 31 65
61 31 65
62 31 66
63 31 67
64 31 68
65 31 71
66 31 67
69 31 65
70 31 69
72 31 68
73 31 70
74 31 63
78 31 64
79 31 63
81 31 68
88 31 67
89 31 61
90 31 66
95 31 64
1 32 53
2 32 53
3 32 57
4 32 62
5 32 59
7 32 63
9 32 59
11 32 57
12 32 63
14 32 61
15 32 67
16 32 62
17 32 57
19 32 65
20 32 57
21 32 56
22 32 59
23 32 60
24 32 63
25 32 58
26 32 61
27 32 66
28 32 61
29 32 61
31 32 57
33 32 58
34 32 57
35 32 61
37 32 61
38 32 57
39 32 60
40 32 62
42 32 55
43 32 64
44 32 69
46 32 69
47 32 65
48 32 63
49 32 56
50 32 60
51 32 56
53 32 49
54 32 59
55 32 59
56 32 59
57 32 60
58 32 62
59 32 64
60 32 60
61 32 60
62 32 61
63 32 63
64 32 63
65 32 66
66 32 63
68 32 69
69 32 61
70 32 65
72 32 64
73 32 65
74 32 58
77 32 53
78 32 59
79 32 58
81 32 63
88 32 62
89 32 56
90 32 61
95 32 59
2 33 55
4 33 64
5 33 61
7 33 65
8 33 58
9 33 60
12 33 65
14 33 63
15 33 69
16 33 63
17 33 59
18 33 76
19 33 67
20 33 59
21 33 58
22 33 61
23 33 62
24 33 65
25 33 59
26 33 63
27 33 68
28 33 62
29 33 63
30 33 38
31 33 59
32 33 62
34 33 58
35 33 62
36 33 48
37 33 63
38 33 58
39 33 62
40 33 64
42 33 57
43 33 66
44 33 71
46 33 70
47 33 67
48 33 65
49 33 58
50 33 62
51 33 58
52 33 53
54 33 61
55 33 61
56 33 61
57 33 62
59 33 66
60 33 62
61 33 62
62 33 63
63 33 64
64 33 65
65 33 68
66 33 64
68 33 71
69 33 62
70 33 66
72 33 65
73 33 67
74 33 59
77 33 55
78 33 61
79 33 60
81 33 65
88 33 64
90 33 63
4 34 66
5 34 63
6 34 45
7 34 67
8 34 60
9 34 63
11 34 61
12 34 67
14 34 65
15 34 71
16 34 65
17 34 61
18 34 78
19 34 69
20 34 61
21 34 60
22 34 63
23 34 64
24 34 67
25 34 61
26 34 65
27 34 70
28 34 64
29 34 65
31 34 61
32 34 64
33 34 62
35 34 64
37 34 65
39 34 64
40 34 66
42 34 59
43 34 68
44 34 72
46 34 72
47 34 69
48 34 67
49 34 60
50 34 64
59 34 68
60 34 64
61 34 64
62 34 65
63 34 66
64 34 67
65 34 70
66 34 66
68 34 73
69 34 64
70 34 68
72 34 67
73 34 69
74 34 61
77 34 57
78 34 63
79 34 62
81 34 67
88 34 66
89 34 60
90 34 65
1 35 54
2 35 54
3 35 58
4 35 63
5 35 60
7 35 64
8 35 57
9 35 60
12 35 64
14 35 62
15 35 68
16 35 63
17 35 58
19 35 66
20 35 58
21 35 57
22 35 60
23 35 61
24 35 64
25 35 59
26 35 62
27 35 67
28 35 61
29 35 62
31 35 58
32 35 62
33 35 59
34 35 57
36 35 48
37 35 62
38 35 58
39 35 61
40 35 63
42 35 56
43 35 65
44 35 70
46 35 70
47 35 66
48 35 64
49 35 57
50 35 61
51 35 57
52 35 53
53 35 50
54 35 60
55 35 60
56 35 60
57 35 61
58 35 63
59 35 65
60 35 61
61 35 61
62 35 62
63 35 63
64 35 64
65 35 67
66 35 63
68 35 70
69 35 61
70 35 66
72 35 64
73 35 66
74 35 58
77 35 54
78 35 60
79 35 59
81 35 64
88 35 63
89 35 57
90 35 62
95 35 60
7 36 72
12 36 72
14 36 70
15 36 75
16 36 71
18 36 82
19 36 74
20 36 67
21 36 65
22 36 68
23 36 69
24 36 72
25 36 67
26 36 70
27 36 75
28 36 70
31 36 67
33 36 68
35 36 70
39 36 69
40 36 71
43 36 73
44 36 77
46 36 77
47 36 74
48 36 72
49 36 66
50 36 70
54 36 68
55 36 68
56 36 68
57 36 69
59 36 73
60 36 69
61 36 69
62 36 70
63 36 71
64 36 72
65 36 74
66 36 71
69 36 70
70 36 73
72 36 72
73 36 74
77 36 63
78 36 69
79 36 67
81 36 72
88 36 71
90 36 70
1 37 44
2 37 44
3 37 48
4 37 53
5 37 50
6 37 33
7 37 54
8 37 47
9 37 50
10 37 25
11 37 49
12 37 54
13 37 63
14 37 52
15 37 59
16 37 53
17 37 49
18 37 68
19 37 57
20 37 49
21 37 47
22 37 50
23 37 51
24 37 55
25 37 49
26 37 53
27 37 58
28 37 52
29 37 52
31 37 48
32 37 52
33 37 50
34 37 48
35 37 52
38 37 48
39 37 51
40 37 53
41 37 42
42 37 46
43 37 56
44 37 61
45 37 44
46 37 61
47 37 57
48 37 55
49 37 47
50 37 52
51 37 47
52 37 43
54 37 50
55 37 50
56 37 50
57 37 51
58 37 53
59 37 55
60 37 52
61 37 51
62 37 52
63 37 54
64 37 55
65 37 58
66 37 54
68 37 61
69 37 52
70 37 56
72 37 55
73 37 57
74 37 49
78 37 51
79 37 49
81 37 55
88 37 54
89 37 47
90 37 53
92 37 53
95 37 51
124 37 29
3 38 63
5 38 64
7 38 68
8 38 62
11 38 63
12 38 68
14 38 66
15 38 72
16 38 67
18 38 79
19 38 70
23 38 66
24 38 68
26 38 67
28 38 66
29 38 66
31 38 63
32 38 66
33 38 64
34 38 62
35 38 66
39 38 65
40 38 67
43 38 69
44 38 74
46 38 74
47 38 70
48 38 69
50 38 66
51 38 61
52 38 57
54 38 64
55 38 64
56 38 64
57 38 65
59 38 69
60 38 66
61 38 65
62 38 66
63 38 68
64 38 68
65 38 71
66 38 68
68 38 74
69 38 66
70 38 70
72 38 69
73 38 70
74 38 63
77 38 59
78 38 65
81 38 68
88 38 68
89 38 61
90 38 67
95 38 65
124 38 43
1 39 57
5 39 63
7 39 67
8 39 60
9 39 62
11 39 61
12 39 66
14 39 65
15 39 70
16 39 65
17 39 61
19 39 68
20 39 61
21 39 60
22 39 62
23 39 64
24 39 67
25 39 61
26 39 65
28 39 64
29 39 65
30 39 40
31 39 61
32 39 64
33 39 62
34 39 60
35 39 64
37 39 64
38 39 60
40 39 65
42 39 59
43 39 68
44 39 72
46 39 72
47 39 69
48 39 67
49 39 60
50 39 64
54 39 62
55 39 62
56 39 62
57 39 64
59 39 67
60 39 64
61 39 64
62 39 64
63 39 66
64 39 67
65 39 69
66 39 66
69 39 64
70 39 68
72 39 67
73 39 69
74 39 61
77 39 57
78 39 63
79 39 61
81 39 67
88 39 66
89 39 59
90 39 65
124 39 41
1 40 52
2 40 52
4 40 60
5 40 58
6 40 40
7 40 62
8 40 55
9 40 57
11 40 56
12 40 62
14 40 60
15 40 66
16 40 60
17 40 56
19 40 64
20 40 56
21 40 54
22 40 57
23 40 59
24 40 62
25 40 56
26 40 60
27 40 65
28 40 59
29 40 60
31 40 56
32 40 59
33 40 57
34 40 55
35 40 59
36 40 45
37 40 59
38 40 55
39 40 59
42 40 53
43 40 63
44 40 68
46 40 68
47 40 64
48 40 62
49 40 55
50 40 59
51 40 54
52 40 50
53 40 48
54 40 57
55 40 57
56 40 57
57 40 59
58 40 61
59 40 63
60 40 59
61 40 59
62 40 60
63 40 61
64 40 62
65 40 65
66 40 61
67 40 51
68 40 68
69 40 59
70 40 63
72 40 62
73 40 64
74 40 56
78 40 58
79 40 56
81 40 62
88 40 61
89 40 54
90 40 60
95 40 58
124 40 36
1 41 58
2 41 58
3 41 62
4 41 66
5 41 63
7 41 67
10 41 37
11 41 62
12 41 67
13 41 75
14 41 65
15 41 71
16 41 66
17 41 62
18 41 78
19 41 69
20 41 62
21 41 60
22 41 63
23 41 65
24 41 67
25 41 62
26 41 66
27 41 70
28 41 65
29 41 65
30 41 41
31 41 62
32 41 65
35 41 65
39 41 64
40 41 66
42 41 59
43 41 69
44 41 73
46 41 73
47 41 69
48 41 68
50 41 65
51 41 60
54 41 63
55 41 63
56 41 63
57 41 64
58 41 66
59 41 68
60 41 65
61 41 64
62 41 65
63 41 67
64 41 67
65 41 70
66 41 67
67 41 57
68 41 73
69 41 65
70 41 69
71 41 38
72 41 68
73 41 69
74 41 62
77 41 58
81 41 67
88 41 67
89 41 60
90 41 66
95 41 64
124 41 42
1 42 59
2 42 59
3 42 63
4 42 67
5 42 65
7 42 69
8 42 62
9 42 65
11 42 63
12 42 69
14 42 67
15 42 72
16 42 67
17 42 63
19 42 70
22 42 65
23 42 66
24 42 69
26 42 67
27 42 72
28 42 66
29 42 67
31 42 63
32 42 66
33 42 64
34 42 63
35 42 66
37 42 67
38 42 63
39 42 66
40 42 67
44 42 74
46 42 74
47 42 71
48 42 69
50 42 66
53 42 55
54 42 65
55 42 65
56 42 65
57 42 66
58 42 68
59 42 69
60 42 66
61 42 66
62 42 67
63 42 68
64 42 69
65 42 71
66 42 68
70 42 70
72 42 69
73 42 71
74 42 63
77 42 59
81 42 69
88 42 68
90 42 67
95 42 65
1 43 49
2 43 49
3 43 53
4 43 58
5 43 55
7 43 59
8 43 52
9 43 54
11 43 53
12 43 59
13 43 67
14 43 57
15 43 63
16 43 58
17 43 53
18 43 71
19 43 61
20 43 53
21 43 52
22 43 55
23 43 56
24 43 59
25 43 53
26 43 57
27 43 62
28 43 56
29 43 57
31 43 53
32 43 57
33 43 54
34 43 52
35 43 56
37 43 57
38 43 52
39 43 56
40 43 58
41 43 47
42 43 51
44 43 65
45 43 49
46 43 65
47 43 61
48 43 59
49 43 52
50 43 56
51 43 52
53 43 45
54 43 55
55 43 55
56 43 55
57 43 56
58 43 58
59 43 60
60 43 56
61 43 56
62 43 57
63 43 58
64 43 59
65 43 62
66 43 58
68 43 66
69 43 56
70 43 61
72 43 59
73 43 61
74 43 53
77 43 49
78 43 55
79 43 54
81 43 59
88 43 58
90 43 57
92 43 58
95 43 55
2 44 44
3 44 48
4 44 53
5 44 50
7 44 55
8 44 48
9 44 50
11 44 49
12 44 55
13 44 63
14 44 52
15 44 59
16 44 53
17 44 49
18 44 68
19 44 57
20 44 49
21 44 47
22 44 50
23 44 52
24 44 55
25 44 49
26 44 53
27 44 58
28 44 52
29 44 53
31 44 49
32 44 52
33 44 50
34 44 48
35 44 52
36 44 38
37 44 52
38 44 48
39 44 51
40 44 53
41 44 42
42 44 46
43 44 56
45 44 44
46 44 61
47 44 57
48 44 55
49 44 48
50 44 52
51 44 47
52 44 43
53 44 40
54 44 50
55 44 50
56 44 50
57 44 52
58 44 53
59 44 56
60 44 52
61 44 52
62 44 52
63 44 54
64 44 55
65 44 58
66 44 54
68 44 62
69 44 52
70 44 56
72 44 55
73 44 57
74 44 49
77 44 44
78 44 51
79 44 49
81 44 55
88 44 54
89 44 47
90 44 53
95 44 51
9 45 67
12 45 70
14 45 69
16 45 69
17 45 65
19 45 72
23 45 68
24 45 71
25 45 65
26 45 69
27 45 73
28 45 68
29 45 69
31 45 65
32 45 68
33 45 66
34 45 65
35 45 68
37 45 68
38 45 65
39 45 68
40 45 69
42 45 63
43 45 72
44 45 76
46 45 76
47 45 72
48 45 71
50 45 68
51 45 64
52 45 60
54 45 67
55 45 67
56 45 67
57 45 68
58 45 70
59 45 71
60 45 68
61 45 68
62 45 69
63 45 70
64 45 71
65 45 73
66 45 70
69 45 68
70 45 72
72 45 71
73 45 73
74 45 65
77 45 61
78 45 67
79 45 66
88 45 70
90 45 69
92 45 69
95 45 67
2 46 55
3 46 59
4 46 63
5 46 61
7 46 65
8 46 58
9 46 60
12 46 65
13 46 72
14 46 63
15 46 69
17 46 59
18 46 76
19 46 67
20 46 59
21 46 57
22 46 60
23 46 62
24 46 65
25 46 59
26 46 63
27 46 68
28 46 62
29 46 63
30 46 38
31 46 59
32 46 62
33 46 60
34 46 58
35 46 62
37 46 62
38 46 58
39 46 62
40 46 63
41 46 53
42 46 56
43 46 66
44 46 70
45 46 55
47 46 67
48 46 65
49 46 58
50 46 62
51 46 58
52 46 53
54 46 60
55 46 60
56 46 60
57 46 62
59 46 65
60 46 62
61 46 62
62 46 63
63 46 64
64 46 65
65 46 68
66 46 64
69 46 62
70 46 66
72 46 65
73 46 67
74 46 59
81 46 65
90 46 63
3 47 62
4 47 67
5 47 64
7 47 68
9 47 64
12 47 68
14 47 66
15 47 72
17 47 63
19 47 70
22 47 64
23 47 65
24 47 68
25 47 63
26 47 67
30 47 42
31 47 63
32 47 66
33 47 64
34 47 62
35 47 66
38 47 62
39 47 65
40 47 67
41 47 57
42 47 60
43 47 69
44 47 74
45 47 59
46 47 74
48 47 68
49 47 62
50 47 66
51 47 61
52 47 57
54 47 64
55 47 64
56 47 64
57 47 65
59 47 69
61 47 65
62 47 66
63 47 68
64 47 68
65 47 71
66 47 68
69 47 66
70 47 70
72 47 69
73 47 70
79 47 63
81 47 68
90 47 67
3 48 62
4 48 67
5 48 64
7 48 68
9 48 64
12 48 68
14 48 66
15 48 72
17 48 63
19 48 70
22 48 64
23 48 65
24 48 68
26 48 67
30 48 42
31 48 63
32 48 66
33 48 64
34 48 62
35 48 66
37 48 66
38 48 62
39 48 65
40 48 67
42 48 60
43 48 69
44 48 74
45 48 58
46 48 73
47 48 70
49 48 62
50 48 66
51 48 61
52 48 57
54 48 64
55 48 64
56 48 64
57 48 65
59 48 69
60 48 65
61 48 65
62 48 66
63 48 68
64 48 68
65 48 71
66 48 68
68 48 74
69 48 66
70 48 70
72 48 68
73 48 70
79 48 63
81 48 68
90 48 66
1 49 57
2 49 56
5 49 62
7 49 66
8 49 60
9 49 62
11 49 61
12 49 66
13 49 74
14 49 64
15 49 70
16 49 65
18 49 77
19 49 68
20 49 61
21 49 59
22 49 62
23 49 63
24 49 66
25 49 61
26 49 65
27 49 69
28 49 64
29 49 64
31 49 61
32 49 64
33 49 62
34 49 60
35 49 64
36 49 50
37 49 64
39 49 63
40 49 65
43 49 68
44 49 72
45 49 56
46 49 72
47 49 68
48 49 67
50 49 64
51 49 59
52 49 55
53 49 52
54 49 62
55 49 62
56 49 62
57 49 63
59 49 67
60 49 64
61 49 63
62 49 64
63 49 66
64 49 66
65 49 69
66 49 66
69 49 64
70 49 68
72 49 67
73 49 69
74 49 61
77 49 56
79 49 61
81 49 66
88 49 66
90 49 65
92 49 65
95 49 63
2 50 53
4 50 62
5 50 59
7 50 63
8 50 56
9 50 59
12 50 63
14 50 61
15 50 67
16 50 62
17 50 57
18 50 75
19 50 65
20 50 57
21 50 56
22 50 59
23 50 60
24 50 63
25 50 57
26 50 61
27 50 66
28 50 60
29 50 61
30 50 37
31 50 57
32 50 61
33 50 58
34 50 56
35 50 60
37 50 61
38 50 56
39 50 60
40 50 62
42 50 55
43 50 64
44 50 69
45 50 53
46 50 69
47 50 65
48 50 63
49 50 56
51 50 56
52 50 51
54 50 59
55 50 59
56 50 59
57 50 60
58 50 62
59 50 64
60 50 60
61 50 60
62 50 61
63 50 62
64 50 63
65 50 66
66 50 62
68 50 69
69 50 60
70 50 65
72 50 63
73 50 65
74 50 57
77 50 53
78 50 59
79 50 58
81 50 63
88 50 62
89 50 55
90 50 61
92 50 62
5 51 65
7 51 69
9 51 65
11 51 64
12 51 69
14 51 67
15 51 73
18 51 79
19 51 71
20 51 64
22 51 65
23 51 66
24 51 69
26 51 67
28 51 67
29 51 67
30 51 43
32 51 67
33 51 65
34 51 63
35 51 67
37 51 67
38 51 63
39 51 66
40 51 68
43 51 70
44 51 74
46 51 74
47 51 71
48 51 69
49 51 62
50 51 66
54 51 65
55 51 65
56 51 65
57 51 66
59 51 70
60 51 66
61 51 66
62 51 67
63 51 68
64 51 69
65 51 72
66 51 68
68 51 75
69 51 67
70 51 70
72 51 69
73 51 71
74 51 64
77 51 59
78 51 66
81 51 69
88 51 68
90 51 67
95 51 65
7 52 72
12 52 72
14 52 70
15 52 75
19 52 74
20 52 67
22 52 68
24 52 72
25 52 67
27 52 75
28 52 70
29 52 70
32 52 70
34 52 66
35 52 70
37 52 70
38 52 66
39 52 69
40 52 71
43 52 73
44 52 77
46 52 77
47 52 74
48 52 72
49 52 66
50 52 70
54 52 68
55 52 68
56 52 68
57 52 69
59 52 73
60 52 69
61 52 69
62 52 70
63 52 71
64 52 72
65 52 74
66 52 71
68 52 77
69 52 70
70 52 73
72 52 72
73 52 74
74 52 67
77 52 63
78 52 69
89 52 65
90 52 70
7 53 70
9 53 66
12 53 70
14 53 69
15 53 74
16 53 69
19 53 72
20 53 65
21 53 64
22 53 67
23 53 68
24 53 71
25 53 65
26 53 69
27 53 73
28 53 68
31 53 65
32 53 68
33 53 66
34 53 64
35 53 68
37 53 68
39 53 68
40 53 69
42 53 63
43 53 72
44 53 76
46 53 76
47 53 72
48 53 71
49 53 64
50 53 68
54 53 67
55 53 67
56 53 67
57 53 68
59 53 71
60 53 68
61 53 68
62 53 69
63 53 70
64 53 71
65 53 73
66 53 70
69 53 68
70 53 72
72 53 71
73 53 73
77 53 61
78 53 67
79 53 66
81 53 71
88 53 70
89 53 64
90 53 69
1 54 53
2 54 53
5 54 59
6 54 41
7 54 63
9 54 59
11 54 57
12 54 63
14 54 61
15 54 67
16 54 62
17 54 57
18 54 75
19 54 65
20 54 57
21 54 56
22 54 59
23 54 60
24 54 63
25 54 57
26 54 61
27 54 66
28 54 60
29 54 61
30 54 37
31 54 57
32 54 61
33 54 58
34 54 56
35 54 60
37 54 61
38 54 57
39 54 60
40 54 62
42 54 55
43 54 64
44 54 69
46 54 69
47 54 65
48 54 63
49 54 56
50 54 60
51 54 56
52 54 51
53 54 49
55 54 59
56 54 59
57 54 60
59 54 64
60 54 60
61 54 60
62 54 61
63 54 62
64 54 63
65 54 66
66 54 62
67 54 52
68 54 69
69 54 60
70 54 65
72 54 63
73 54 65
74 54 57
77 54 53
78 54 59
79 54 58
81 54 63
88 54 62
89 54 56
90 54 61
1 55 53
2 55 53
5 55 59
6 55 41
7 55 63
9 55 59
11 55 57
12 55 63
14 55 61
15 55 67
16 55 62
17 55 57
19 55 65
20 55 57
21 55 56
22 55 59
23 55 60
24 55 63
25 55 57
26 55 61
28 55 60
29 55 61
30 55 37
31 55 57
32 55 61
33 55 58
34 55 56
35 55 60
37 55 61
38 55 56
39 55 60
40 55 62
42 55 55
43 55 64
44 55 69
46 55 69
47 55 65
48 55 63
49 55 56
50 55 60
51 55 56
52 55 51
53 55 49
54 55 59
56 55 59
57 55 60
59 55 64
60 55 60
61 55 60
62 55 61
63 55 62
64 55 63
65 55 66
66 55 62
67 55 52
68 55 69
69 55 60
70 55 65
72 55 63
73 55 65
74 55 57
77 55 53
78 55 59
79 55 58
81 55 63
88 55 62
89 55 55
90 55 61
92 55 61
95 55 59
1 56 52
2 56 52
5 56 58
6 56 40
7 56 62
8 56 55
9 56 58
11 56 56
12 56 62
14 56 60
15 56 66
16 56 61
17 56 56
19 56 64
20 56 57
21 56 55
22 56 58
23 56 59
24 56 62
26 56 61
27 56 66
28 56 60
29 56 60
30 56 36
31 56 56
32 56 60
33 56 58
34 56 56
35 56 60
37 56 60
38 56 56
39 56 59
40 56 61
42 56 54
43 56 64
44 56 68
46 56 68
47 56 64
48 56 63
49 56 55
50 56 60
51 56 55
52 56 51
53 56 48
54 56 58
55 56 58
57 56 59
59 56 63
60 56 59
61 56 59
62 56 60
63 56 62
64 56 62
65 56 65
66 56 62
67 56 51
68 56 69
69 56 60
70 56 64
72 56 63
73 56 65
74 56 57
77 56 52
78 56 59
79 56 57
81 56 62
88 56 62
89 56 55
90 56 61
95 56 58
1 57 49
2 57 48
4 57 57
5 57 55
6 57 37
7 57 59
8 57 52
9 57 54
11 57 53
12 57 59
13 57 67
14 57 57
15 57 63
16 57 57
17 57 53
18 57 71
19 57 61
20 57 53
21 57 51
22 57 54
23 57 56
24 57 59
25 57 53
26 57 57
27 57 62
28 57 56
29 57 57
30 57 33
31 57 53
32 57 56
33 57 54
34 57 52
35 57 56
36 57 42
37 57 56
38 57 52
39 57 55
40 57 57
41 57 46
42 57 50
43 57 60
44 57 65
45 57 48
46 57 65
47 57 61
48 57 59
49 57 52
50 57 56
51 57 51
52 57 47
53 57 44
54 57 54
55 57 54
56 57 54
58 57 58
59 57 60
60 57 56
61 57 56
62 57 56
63 57 58
64 57 59
65 57 62
66 57 58
67 57 48
68 57 65
69 57 56
70 57 60
72 57 59
73 57 61
74 57 53
77 57 48
78 57 55
79 57 53
81 57 59
88 57 58
89 57 51
90 57 57
95 57 55
1 58 49
2 58 49
3 58 53
4 58 58
5 58 55
7 58 59
8 58 52
9 58 55
11 58 53
12 58 59
13 58 67
14 58 57
15 58 63
16 58 58
17 58 53
18 58 72
19 58 61
21 58 52
22 58 55
23 58 56
24 58 59
25 58 53
26 58 57
27 58 63
28 58 56
29 58 57
31 58 53
32 58 57
33 58 54
34 58 52
35 58 57
37 58 57
38 58 52
39 58 56
40 58 58
42 58 51
43 58 61
44 58 65
45 58 49
46 58 65
47 58 61
48 58 59
49 58 52
50 58 56
51 58 52
52 58 47
54 58 55
55 58 55
56 58 55
57 58 56
59 58 60
60 58 56
61 58 56
62 58 57
63 58 59
64 58 59
65 58 62
66 58 59
68 58 66
69 58 56
70 58 61
72 58 60
73 58 62
74 58 53
77 58 49
78 58 55
79 58 54
81 58 59
88 58 58
89 58 51
90 58 57
95 58 55
2 59 49
3 59 53
4 59 58
5 59 55
7 59 59
8 59 52
9 59 55
11 59 53
12 59 59
13 59 68
14 59 57
15 59 63
16 59 58
17 59 53
18 59 72
19 59 61
20 59 53
21 59 52
22 59 55
23 59 56
24 59 59
25 59 54
26 59 58
27 59 63
28 59 57
29 59 57
30 59 33
31 59 53
32 59 57
33 59 55
34 59 53
35 59 57
36 59 43
37 59 57
38 59 53
39 59 56
40 59 58
41 59 47
42 59 51
43 59 61
44 59 65
46 59 65
47 59 62
48 59 60
49 59 52
50 59 57
51 59 52
53 59 45
54 59 55
55 59 55
56 59 55
57 59 56
58 59 58
60 59 56
61 59 56
62 59 57
63 59 59
64 59 59
65 59 62
66 59 59
68 59 66
69 59 57
70 59 61
72 59 60
73 59 62
74 59 54
77 59 49
78 59 56
79 59 54
81 59 59
88 59 59
89 59 52
90 59 58
92 59 58
95 59 55
2 60 53
4 60 62
5 60 59
6 60 41
7 60 63
8 60 56
9 60 59
11 60 57
12 60 63
14 60 61
15 60 67
16 60 62
17 60 57
19 60 65
20 60 57
21 60 56
22 60 59
23 60 60
24 60 63
25 60 57
26 60 61
27 60 66
28 60 60
29 60 61
31 60 57
32 60 61
33 60 58
34 60 56
35 60 60
37 60 61
38 60 56
39 60 60
40 60 62
42 60 55
43 60 64
44 60 69
46 60 69
47 60 65
48 60 63
49 60 56
50 60 60
51 60 56
52 60 51
54 60 59
55 60 59
56 60 59
57 60 60
58 60 62
59 60 64
61 60 60
62 60 61
63 60 62
64 60 63
65 60 66
66 60 62
67 60 52
68 60 69
69 60 60
70 60 65
72 60 63
73 60 65
74 60 57
77 60 53
78 60 59
79 60 58
81 60 63
88 60 62
89 60 55
90 60 61
92 60 61
95 60 59
1 61 54
2 61 54
4 61 63
5 61 60
7 61 64
8 61 57
9 61 59
12 61 64
14 61 62
15 61 68
16 61 63
17 61 58
19 61 66
20 61 58
21 61 57
22 61 60
23 61 61
24 61 64
26 61 62
27 61 67
28 61 61
29 61 62
30 61 38
31 61 58
32 61 61
33 61 59
34 61 57
35 61 61
36 61 47
37 61 62
38 61 57
39 61 61
40 61 63
43 61 65
44 61 70
45 61 54
46 61 70
47 61 66
48 61 64
49 61 57
50 61 61
51 61 57
52 61 52
54 61 60
55 61 60
56 61 60
57 61 61
59 61 65
60 61 61
62 61 62
63 61 63
64 61 64
65 61 67
66 61 63
67 61 53
68 61 70
69 61 61
70 61 65
72 61 64
73 61 66
74 61 58
77 61 54
78 61 60
79 61 59
81 61 64
88 61 63
89 61 56
90 61 62
1 62 52
2 62 52
3 62 56
4 62 61
5 62 58
6 62 40
7 62 62
8 62 55
9 62 58
11 62 56
12 62 62
14 62 60
15 62 66
16 62 61
17 62 57
19 62 64
20 62 57
21 62 55
22 62 58
23 62 59
24 62 62
25 62 57
26 62 61
27 62 66
28 62 60
29 62 60
30 62 36
31 62 56
32 62 60
33 62 58
34 62 56
35 62 60
36 62 46
37 62 60
38 62 56
39 62 59
40 62 61
42 62 54
43 62 64
44 62 68
46 62 68
47 62 64
48 62 63
49 62 55
50 62 60
51 62 55
54 62 58
55 62 58
56 62 58
57 62 59
59 62 63
60 62 59
61 62 59
63 62 62
64 62 62
65 62 65
66 62 62
67 62 52
68 62 69
69 62 60
70 62 64
72 62 63
73 62 65
74 62 57
77 62 52
78 62 59
79 62 57
81 62 62
88 62 62
89 62 55
90 62 61
2 63 52
3 63 56
4 63 61
5 63 58
7 63 62
8 63 56
9 63 58
12 63 62
14 63 60
15 63 66
16 63 61
17 63 57
18 63 74
19 63 64
20 63 57
21 63 55
22 63 58
23 63 60
24 63 62
25 63 57
26 63 61
27 63 66
28 63 60
29 63 60
30 63 36
31 63 57
32 63 60
33 63 58
34 63 56
35 63 60
37 63 60
38 63 56
39 63 59
40 63 61
41 63 50
42 63 54
43 63 64
44 63 68
46 63 68
47 63 65
48 63 63
49 63 56
50 63 60
51 63 55
54 63 58
55 63 58
56 63 58
57 63 59
59 63 63
60 63 60
61 63 59
62 63 60
64 63 63
65 63 65
66 63 62
67 63 52
68 63 69
69 63 60
70 63 64
72 63 63
73 63 65
74 63 57
77 63 52
78 63 59
79 63 57
81 63 63
88 63 62
89 63 55
90 63 61
92 63 61
95 63 59
1 64 49
2 64 49
3 64 53
4 64 58
5 64 55
7 64 59
8 64 52
9 64 55
11 64 54
12 64 59
13 64 68
14 64 57
15 64 64
16 64 58
17 64 54
18 64 72
19 64 61
20 64 54
21 64 52
22 64 55
23 64 56
24 64 59
25 64 54
26 64 58
27 64 63
28 64 57
29 64 57
30 64 33
31 64 53
32 64 57
33 64 55
34 64 53
35 64 57
37 64 57
38 64 53
39 64 56
40 64 58
41 64 47
42 64 51
43 64 61
44 64 66
45 64 49
46 64 66
47 64 62
48 64 60
49 64 52
50 64 57
51 64 52
52 64 48
53 64 45
54 64 55
55 64 55
56 64 55
57 64 56
58 64 58
59 64 60
60 64 57
61 64 56
62 64 57
63 64 59
65 64 63
66 64 59
67 64 49
68 64 66
69 64 57
70 64 61
72 64 60
73 64 62
74 64 54
77 64 49
78 64 56
79 64 54
81 64 60
88 64 59
90 64 58
95 64 56
1 65 48
2 65 47
3 65 52
4 65 56
5 65 54
7 65 58
8 65 51
9 65 53
11 65 52
12 65 58
13 65 66
14 65 56
15 65 62
16 65 56
17 65 52
18 65 70
19 65 60
20 65 52
21 65 50
22 65 53
23 65 55
24 65 58
25 65 52
26 65 56
27 65 61
28 65 55
29 65 56
30 65 32
31 65 52
32 65 55
33 65 53
34 65 51
35 65 55
36 65 41
37 65 55
38 65 51
39 65 55
40 65 56
41 65 45
42 65 49
43 65 59
44 65 64
46 65 64
47 65 60
48 65 58
49 65 51
50 65 55
51 65 50
52 65 46
53 65 43
54 65 53
55 65 53
56 65 53
57 65 55
58 65 57
59 65 59
60 65 55
61 65 55
62 65 56
63 65 57
64 65 58
66 65 57
68 65 65
69 65 55
70 65 59
72 65 58
73 65 60
74 65 52
77 65 47
78 65 54
79 65 52
81 65 58
88 65 57
89 65 50
90 65 56
92 65 56
95 65 54
1 66 52
2 66 52
3 66 56
4 66 61
5 66 58
7 66 62
8 66 55
9 66 58
12 66 62
14 66 60
15 66 66
16 66 61
17 66 57
19 66 64
20 66 57
21 66 55
22 66 58
23 66 59
24 66 62
26 66 61
27 66 66
28 66 60
29 66 60
30 66 36
31 66 57
32 66 60
33 66 58
34 66 56
35 66 60
36 66 46
37 66 60
38 66 56
39 66 59
40 66 61
42 66 54
43 66 64
44 66 68
45 66 52
46 66 68
47 66 65
48 66 63
49 66 56
50 66 60
51 66 55
52 66 51
54 66 58
55 66 58
56 66 58
57 66 59
58 66 61
59 66 63
60 66 60
61 66 59
62 66 60
63 66 62
64 66 62
65 66 65
68 66 69
69 66 60
70 66 64
72 66 63
73 66 65
74 66 57
77 66 52
78 66 59
79 66 57
81 66 62
88 66 62
89 66 55
90 66 61
95 66 59
2 67 49
3 67 53
4 67 58
5 67 55
7 67 59
9 67 54
11 67 53
12 67 59
13 67 67
14 67 57
15 67 63
16 67 58
17 67 53
19 67 61
21 67 52
23 67 56
24 67 59
25 67 53
26 67 57
27 67 62
29 67 57
31 67 53
32 67 57
35 67 56
37 67 57
38 67 52
39 67 56
40 67 58
41 67 47
42 67 51
43 67 60
44 67 65
45 67 49
46 67 65
47 67 61
48 67 59
50 67 56
51 67 52
52 67 47
54 67 55
55 67 55
56 67 55
57 67 56
58 67 58
59 67 60
60 67 56
61 67 56
62 67 57
63 67 58
64 67 59
65 67 62
66 67 58
68 67 66
69 67 56
70 67 61
72 67 59
73 67 61
74 67 53
78 67 55
79 67 54
81 67 59
88 67 58
90 67 57
92 67 58
95 67 55
124 67 33
3 68 54
5 68 56
7 68 60
11 68 55
12 68 60
15 68 65
16 68 59
17 68 55
19 68 62
20 68 55
23 68 58
24 68 60
25 68 55
26 68 59
30 68 34
31 68 55
33 68 56
34 68 54
35 68 58
40 68 59
43 68 62
44 68 67
46 68 66
47 68 63
48 68 61
50 68 58
59 68 61
60 68 58
61 68 57
62 68 58
63 68 60
64 68 61
65 68 64
66 68 60
69 68 58
72 68 61
73 68 63
77 68 50
78 68 57
79 68 55
88 68 60
89 68 53
90 68 59
1 69 55
4 69 63
5 69 60
6 69 43
7 69 64
8 69 58
9 69 60
12 69 64
14 69 62
15 69 68
16 69 63
17 69 59
18 69 76
19 69 66
20 69 59
21 69 57
22 69 60
23 69 62
24 69 64
25 69 59
26 69 63
28 69 62
29 69 62
31 69 59
32 69 62
33 69 60
34 69 58
35 69 62
36 69 48
37 69 62
38 69 58
39 69 61
40 69 63
43 69 66
44 69 70
46 69 70
47 69 67
48 69 65
49 69 58
50 69 62
51 69 57
53 69 50
54 69 60
55 69 60
56 69 60
57 69 62
58 69 63
59 69 65
60 69 62
61 69 62
62 69 62
63 69 64
64 69 65
65 69 67
66 69 64
67 69 54
68 69 71
70 69 66
72 69 65
73 69 67
74 69 59
77 69 54
78 69 61
79 69 59
81 69 65
88 69 64
89 69 57
90 69 63
95 69 61
1 70 45
2 70 45
3 70 49
4 70 54
5 70 51
7 70 56
8 70 48
9 70 51
10 70 26
11 70 50
12 70 56
13 70 64
14 70 53
15 70 60
16 70 54
17 70 50
18 70 69
19 70 58
20 70 50
21 70 48
22 70 51
23 70 53
24 70 56
25 70 50
26 70 54
27 70 59
28 70 53
29 70 53
30 70 30
31 70 50
32 70 53
33 70 51
34 70 49
35 70 53
36 70 39
37 70 53
38 70 49
39 70 52
40 70 54
41 70 43
42 70 47
43 70 57
44 70 62
45 70 45
46 70 62
47 70 58
48 70 56
49 70 49
50 70 53
51 70 48
52 70 44
53 70 41
54 70 51
55 70 51
56 70 51
57 70 53
58 70 54
59 70 57
60 70 53
61 70 53
62 70 53
63 70 55
64 70 56
65 70 59
66 70 55
67 70 45
68 70 62
69 70 53
71 70 27
72 70 56
73 70 58
74 70 50
77 70 45
78 70 52
79 70 50
81 70 56
88 70 55
89 70 48
90 70 54
92 70 54
95 70 52
124 70 30
1 71 67
2 71 67
3 71 70
4 71 74
5 71 72
8 71 69
9 71 72
10 71 46
11 71 70
13 71 81
15 71 78
16 71 74
17 71 70
18 71 84
19 71 77
20 71 70
21 71 69
22 71 72
23 71 73
24 71 75
25 71 71
26 71 74
27 71 78
28 71 73
29 71 74
30 71 51
31 71 70
32 71 73
33 71 71
34 71 70
35 71 73
36 71 61
38 71 70
39 71 73
40 71 74
41 71 65
42 71 68
43 71 76
44 71 80
45 71 67
46 71 80
48 71 75
49 71 69
50 71 73
51 71 69
52 71 65
53 71 63
54 71 72
55 71 72
56 71 72
57 71 73
58 71 74
59 71 76
60 71 73
61 71 73
62 71 73
63 71 75
64 71 75
65 71 78
66 71 75
68 71 80
69 71 73
70 71 76
72 71 75
73 71 77
74 71 71
88 71 75
124 71 51
1 72 50
2 72 50
3 72 54
4 72 59
5 72 56
6 72 38
7 72 60
8 72 53
9 72 56
11 72 54
12 72 60
14 72 58
15 72 64
16 72 59
17 72 54
18 72 73
19 72 62
20 72 55
21 72 53
22 72 56
23 72 57
24 72 60
25 72 55
26 72 59
27 72 64
28 72 58
29 72 58
31 72 54
32 72 58
33 72 56
34 72 54
35 72 58
37 72 58
38 72 54
39 72 57
40 72 59
42 72 52
43 72 62
44 72 66
45 72 50
46 72 66
47 72 63
48 72 61
49 72 53
50 72 58
51 72 53
52 72 49
54 72 56
55 72 56
56 72 56
57 72 57
58 72 59
59 72 61
60 72 57
61 72 57
62 72 58
63 72 60
64 72 60
65 72 63
66 72 60
68 72 67
69 72 58
70 72 62
73 72 63
74 72 55
78 72 57
79 72 55
81 72 60
88 72 60
89 72 53
90 72 59
92 72 59
95 72 56
1 73 44
2 73 44
3 73 48
4 73 53
5 73 50
6 73 33
7 73 55
8 73 47
9 73 50
11 73 49
12 73 54
13 73 63
14 73 52
15 73 59
16 73 53
17 73 49
18 73 68
19 73 57
20 73 49
21 73 47
22 73 50
23 73 52
24 73 55
25 73 49
26 73 53
27 73 58
28 73 52
29 73 52
30 73 29
31 73 48
32 73 52
33 73 50
34 73 48
35 73 52
37 73 52
38 73 48
39 73 51
40 73 53
41 73 42
42 73 46
43 73 56
44 73 61
45 73 44
46 73 61
47 73 57
48 73 55
49 73 47
50 73 52
51 73 47
52 73 43
53 73 40
54 73 50
55 73 50
56 73 50
57 73 51
58 73 53
59 73 55
60 73 52
61 73 51
62 73 52
63 73 54
64 73 55
65 73 58
66 73 54
67 73 44
68 73 61
69 73 52
70 73 56
72 73 55
74 73 49
77 73 44
78 73 51
79 73 49
81 73 55
88 73 54
89 73 47
90 73 53
92 73 53
95 73 51
1 74 55
2 74 55
3 74 59
4 74 63
5 74 61
6 74 43
7 74 65
8 74 58
9 74 60
11 74 59
12 74 65
14 74 63
15 74 69
16 74 63
17 74 59
18 74 76
19 74 67
20 74 59
21 74 58
22 74 61
23 74 62
24 74 65
25 74 59
26 74 63
27 74 68
28 74 62
29 74 63
31 74 59
32 74 62
33 74 60
34 74 58
35 74 62
37 74 62
38 74 58
39 74 62
40 74 63
43 74 66
44 74 71
45 74 55
46 74 70
47 74 67
48 74 65
49 74 58
50 74 62
51 74 58
52 74 53
54 74 61
55 74 61
56 74 61
57 74 62
58 74 64
59 74 66
60 74 62
61 74 62
62 74 63
63 74 64
64 74 65
65 74 68
66 74 64
67 74 54
68 74 71
69 74 62
70 74 66
72 74 65
73 74 67
77 74 55
78 74 61
79 74 60
81 74 65
88 74 64
90 74 63
95 74 61
1 75 57
2 75 57
3 75 61
5 75 63
6 75 45
7 75 67
9 75 63
12 75 67
13 75 74
14 75 65
15 75 71
16 75 66
17 75 61
19 75 69
20 75 61
21 75 60
22 75 63
23 75 64
24 75 67
25 75 62
26 75 65
27 75 70
28 75 64
29 75 65
33 75 62
34 75 61
35 75 64
37 75 65
40 75 66
41 75 55
43 75 68
44 75 72
46 75 72
47 75 69
50 75 64
51 75 60
58 75 66
59 75 68
60 75 64
61 75 64
62 75 65
63 75 66
64 75 67
65 75 70
66 75 66
68 75 73
70 75 68
72 75 67
73 75 69
78 75 63
81 75 67
88 75 66
90 75 65
124 75 41
15 76 23
85 76 21
87 76 17
92 76 19
124 76 8
1 77 60
4 77 68
5 77 65
7 77 69
9 77 65
14 77 67
16 77 68
19 77 71
20 77 64
21 77 62
22 77 65
23 77 67
24 77 69
26 77 68
27 77 72
28 77 67
29 77 67
31 77 64
32 77 67
33 77 65
34 77 63
35 77 67
36 77 53
37 77 67
38 77 63
39 77 66
40 77 68
42 77 61
43 77 70
44 77 74
45 77 60
46 77 74
47 77 71
48 77 69
49 77 63
50 77 67
51 77 62
52 77 58
54 77 65
55 77 65
56 77 65
57 77 66
58 77 68
59 77 70
60 77 67
61 77 66
62 77 67
63 77 69
64 77 69
65 77 72
66 77 69
68 77 75
69 77 67
70 77 71
72 77 70
73 77 71
74 77 64
78 77 66
79 77 64
81 77 69
88 77 69
89 77 62
90 77 68
124 77 44
2 78 55
4 78 63
5 78 61
7 78 65
8 78 58
9 78 60
11 78 59
12 78 65
14 78 63
15 78 69
16 78 63
19 78 67
20 78 59
21 78 58
22 78 61
23 78 62
24 78 65
25 78 59
26 78 63
27 78 68
28 78 62
29 78 63
31 78 59
32 78 62
33 78 60
34 78 58
35 78 62
37 78 62
38 78 58
39 78 62
40 78 63
42 78 57
43 78 66
44 78 71
45 78 55
46 78 70
47 78 67
48 78 65
50 78 62
51 78 58
52 78 53
53 78 51
54 78 61
55 78 61
56 78 61
57 78 62
58 78 64
59 78 66
60 78 62
61 78 62
62 78 63
63 78 64
64 78 65
65 78 68
66 78 64
68 78 71
69 78 62
70 78 66
72 78 65
73 78 67
74 78 59
77 78 55
79 78 60
81 78 65
88 78 64
89 78 57
90 78 63
95 78 61
124 78 39
1 79 57
4 79 65
5 79 62
7 79 66
8 79 60
9 79 62
11 79 61
12 79 66
13 79 74
14 79 64
15 79 70
16 79 65
17 79 61
18 79 77
19 79 68
20 79 61
21 79 59
22 79 62
23 79 64
24 79 66
25 79 61
26 79 65
27 79 69
28 79 64
29 79 64
30 79 40
31 79 61
32 79 64
33 79 62
34 79 60
35 79 64
37 79 64
38 79 60
39 79 63
40 79 65
43 79 68
44 79 72
45 79 56
46 79 72
47 79 68
48 79 67
49 79 60
50 79 64
51 79 59
52 79 55
54 79 62
55 79 62
56 79 62
57 79 63
58 79 65
59 79 67
60 79 64
61 79 63
62 79 64
63 79 66
64 79 66
65 79 69
66 79 66
70 79 68
72 79 67
73 79 69
74 79 61
78 79 63
81 79 66
88 79 66
90 79 65
95 79 63
124 79 41
4 80 58
5 80 55
6 80 37
7 80 59
8 80 52
9 80 55
11 80 53
12 80 59
13 80 67
14 80 57
15 80 63
16 80 58
17 80 53
18 80 72
19 80 61
20 80 53
21 80 52
22 80 55
23 80 56
24 80 59
25 80 53
26 80 57
27 80 63
28 80 56
29 80 57
31 80 53
32 80 57
33 80 54
34 80 52
35 80 57
36 80 42
37 80 57
38 80 52
39 80 56
40 80 58
41 80 47
42 80 51
43 80 61
44 80 65
45 80 49
46 80 65
47 80 61
48 80 59
49 80 52
50 80 56
51 80 52
52 80 47
53 80 45
54 80 55
55 80 55
56 80 55
57 80 56
58 80 58
59 80 60
60 80 56
61 80 56
62 80 57
63 80 59
64 80 59
65 80 62
66 80 59
68 80 66
69 80 57
70 80 61
72 80 60
73 80 62
74 80 53
77 80 49
78 80 55
79 80 54
81 80 59
88 80 58
89 80 52
90 80 57
92 80 58
95 80 55
124 80 33
1 81 46
2 81 46
3 81 50
4 81 55
5 81 52
6 81 35
7 81 56
8 81 49
9 81 52
11 81 50
12 81 56
13 81 65
14 81 54
15 81 61
16 81 55
17 81 50
18 81 69
19 81 59
20 81 51
21 81 49
22 81 52
23 81 53
24 81 56
25 81 51
26 81 55
27 81 60
28 81 54
29 81 54
30 81 31
31 81 50
32 81 54
33 81 52
34 81 50
35 81 54
37 81 54
38 81 50
39 81 53
40 81 55
41 81 44
42 81 48
43 81 58
44 81 63
45 81 46
46 81 63
47 81 59
48 81 57
49 81 49
50 81 54
51 81 49
53 81 42
54 81 52
55 81 52
56 81 52
57 81 53
58 81 55
59 81 57
60 81 53
61 81 53
62 81 54
63 81 56
64 81 57
65 81 60
66 81 56
68 81 63
69 81 54
70 81 58
72 81 57
73 81 59
74 81 51
78 81 53
79 81 51
88 81 56
89 81 49
90 81 55
92 81 55
95 81 53
124 81 31
2 82 15
5 82 18
7 82 21
9 82 18
11 82 17
12 82 21
13 82 27
15 82 24
19 82 22
20 82 17
25 82 17
27 82 23
37 82 19
41 82 14
44 82 25
46 82 25
47 82 22
48 82 21
57 82 19
58 82 20
67 82 14
70 82 22
73 82 22
74 82 17
77 82 15
78 82 18
81 82 21
83 82 13
95 82 18
124 82 8
1 83 13
2 83 13
3 83 15
4 83 18
5 83 16
6 83 8
7 83 18
8 83 15
9 83 16
10 83 6
11 83 15
12 83 18
13 83 24
14 83 17
15 83 21
16 83 18
17 83 15
18 83 28
19 83 20
20 83 15
21 83 14
22 83 16
23 83 17
24 83 18
25 83 15
26 83 17
27 83 21
29 83 17
30 83 7
31 83 15
32 83 17
33 83 16
34 83 15
35 83 17
36 83 10
37 83 17
38 83 15
40 83 18
41 83 12
42 83 14
43 83 19
44 83 23
45 83 13
46 83 23
47 83 20
48 83 19
49 83 15
50 83 17
51 83 14
52 83 12
53 83 11
54 83 16
55 83 16
56 83 16
57 83 17
58 83 18
59 83 19
60 83 17
61 83 17
62 83 17
63 83 18
64 83 19
65 83 21
66 83 18
67 83 13
68 83 23
69 83 17
70 83 20
71 83 6
72 83 19
73 83 20
74 83 15
75 83 7
77 83 13
78 83 16
79 83 15
81 83 19
82 83 20
85 83 20
87 83 16
88 83 18
89 83 14
90 83 17
92 83 18
94 83 10
95 83 16
96 83 18
97 83 16
98 83 15
99 83 21
101 83 15
102 83 13
103 83 11
105 83 15
106 83 9
108 83 3
109 83 5
124 83 7
20 84 23
41 84 18
42 84 21
124 84 12
3 85 10
7 85 13
8 85 10
12 85 13
13 85 17
15 85 15
16 85 12
17 85 10
18 85 20
19 85 14
22 85 11
23 85 11
24 85 13
25 85 10
26 85 12
27 85 14
31 85 10
39 85 11
41 85 8
44 85 16
45 85 9
46 85 16
47 85 14
48 85 13
53 85 8
58 85 12
68 85 16
72 85 13
73 85 14
74 85 10
75 85 5
78 85 11
79 85 10
81 85 13
82 85 14
83 85 8
86 85 14
88 85 12
89 85 10
96 85 13
98 85 10
99 85 15
100 85 8
101 85 10
102 85 9
103 85 7
105 85 10
124 85 5
2 86 6
3 86 7
7 86 9
9 86 8
11 86 7
12 86 9
14 86 8
15 86 10
16 86 8
18 86 15
19 86 10
26 86 8
27 86 10
28 86 8
29 86 8
31 86 7
32 86 8
36 86 5
44 86 11
46 86 11
47 86 10
53 86 5
69 86 8
70 86 9
72 86 9
73 86 10
85 86 10
87 86 8
88 86 9
89 86 7
92 86 8
96 86 9
97 86 8
98 86 7
99 86 11
100 86 6
102 86 6
103 86 5
106 86 4
112 86 16
124 86 3
12 87 66
15 87 70
27 87 69
38 87 60
41 87 54
44 87 72
46 87 72
48 87 67
68 87 72
73 87 69
81 87 66
83 87 53
88 87 66
124 87 41
1 88 47
2 88 46
3 88 50
4 88 55
5 88 52
6 88 35
7 88 57
8 88 50
9 88 52
11 88 51
12 88 57
13 88 65
14 88 54
15 88 61
16 88 55
17 88 51
18 88 69
19 88 59
20 88 51
21 88 49
22 88 52
23 88 54
24 88 57
25 88 51
26 88 55
27 88 60
28 88 54
29 88 55
30 88 31
31 88 51
32 88 54
33 88 52
34 88 50
35 88 54
37 88 54
38 88 50
39 88 53
40 88 55
41 88 44
42 88 48
43 88 58
44 88 63
45 88 46
46 88 63
47 88 59
48 88 57
49 88 50
50 88 54
51 88 49
52 88 45
53 88 42
54 88 52
55 88 52
56 88 52
57 88 54
58 88 55
59 88 58
60 88 54
61 88 54
62 88 54
63 88 56
64 88 57
65 88 60
66 88 56
67 88 46
68 88 63
69 88 54
70 88 58
71 88 28
72 88 57
73 88 59
74 88 51
77 88 46
78 88 53
79 88 51
81 88 57
89 88 49
90 88 55
92 88 55
95 88 53
124 88 31
1 89 51
2 89 51
4 89 60
5 89 57
6 89 39
7 89 61
8 89 54
9 89 56
11 89 55
12 89 61
13 89 69
14 89 59
15 89 65
16 89 60
17 89 55
18 89 73
19 89 63
20 89 55
21 89 54
22 89 57
23 89 58
24 89 61
25 89 55
26 89 59
27 89 64
28 89 58
29 89 59
31 89 55
32 89 58
33 89 56
34 89 54
35 89 58
36 89 44
37 89 59
38 89 54
39 89 58
40 89 60
41 89 49
42 89 52
43 89 62
44 89 67
46 89 67
47 89 63
48 89 61
49 89 54
50 89 58
51 89 54
52 89 49
53 89 47
54 89 57
55 89 57
56 89 57
57 89 58
58 89 60
59 89 62
60 89 58
61 89 58
62 89 59
63 89 60
64 89 61
65 89 64
66 89 60
68 89 67
69 89 58
70 89 63
72 89 61
73 89 63
74 89 55
77 89 51
78 89 57
79 89 55
81 89 61
88 89 60
90 89 59
92 89 59
95 89 57
124 89 35
1 90 50
3 90 54
5 90 56
6 90 38
7 90 60
8 90 53
9 90 55
11 90 54
12 90 60
13 90 68
14 90 58
15 90 64
16 90 59
17 90 54
18 90 72
19 90 62
20 90 54
21 90 53
22 90 56
23 90 57
24 90 60
25 90 54
26 90 58
27 90 63
28 90 57
29 90 58
31 90 54
32 90 57
33 90 55
34 90 53
35 90 57
37 90 58
38 90 53
39 90 57
40 90 59
41 90 48
42 90 51
43 90 61
44 90 66
46 90 66
47 90 62
48 90 60
49 90 53
50 90 57
51 90 53
52 90 48
54 90 55
55 90 56
56 90 55
57 90 57
58 90 59
59 90 61
60 90 57
61 90 57
62 90 58
63 90 59
64 90 60
65 90 63
66 90 59
68 90 67
69 90 57
70 90 62
72 90 60
73 90 62
74 90 54
75 90 34
77 90 50
78 90 56
79 90 54
81 90 60
88 90 59
89 90 52
95 90 56
124 90 34
124 91 45
2 92 29
3 92 33
4 92 37
5 92 35
7 92 39
8 92 32
9 92 34
10 92 15
11 92 33
12 92 39
13 92 47
14 92 37
16 92 37
17 92 33
18 92 52
19 92 41
21 92 32
22 92 35
23 92 36
24 92 39
25 92 33
26 92 37
27 92 42
28 92 36
29 92 37
31 92 33
32 92 36
33 92 34
34 92 32
35 92 36
37 92 36
38 92 33
39 92 36
40 92 37
41 92 28
42 92 31
43 92 40
44 92 45
45 92 29
46 92 45
47 92 41
48 92 39
49 92 32
50 92 36
52 92 28
54 92 35
55 92 35
58 92 38
59 92 40
60 92 36
61 92 36
62 92 37
63 92 38
64 92 39
65 92 42
66 92 38
67 92 29
68 92 46
69 92 36
70 92 40
77 92 29
78 92 35
79 92 34
81 92 39
87 92 35
89 92 32
90 92 37
124 92 18
114 93 1
124 93 2
7 94 25
8 94 20
9 94 21
11 94 21
13 94 32
15 94 28
16 94 24
18 94 36
19 94 26
25 94 21
27 94 28
39 94 22
41 94 17
44 94 30
45 94 18
46 94 30
47 94 27
49 94 20
50 94 23
51 94 20
52 94 17
57 94 22
58 94 24
63 94 24
64 94 25
65 94 27
68 94 30
70 94 26
72 94 25
73 94 27
78 94 22
81 94 25
85 94 26
88 94 24
89 94 19
95 94 22
98 94 20
100 94 17
124 94 10
1 95 45
2 95 44
3 95 48
4 95 53
5 95 51
6 95 33
7 95 55
8 95 48
9 95 50
11 95 49
12 95 55
13 95 63
14 95 53
15 95 59
16 95 53
17 95 49
18 95 68
19 95 57
20 95 49
21 95 47
22 95 50
23 95 52
24 95 55
25 95 49
26 95 53
27 95 58
28 95 52
29 95 53
31 95 49
32 95 52
33 95 50
34 95 48
35 95 52
37 95 52
38 95 48
39 95 51
40 95 53
41 95 42
42 95 46
43 95 56
44 95 61
45 95 44
46 95 61
47 95 57
48 95 55
49 95 48
50 95 52
51 95 47
53 95 41
57 95 52
58 95 54
59 95 56
60 95 52
61 95 52
62 95 53
63 95 54
64 95 55
65 95 58
66 95 54
67 95 44
68 95 62
69 95 52
70 95 56
72 95 55
73 95 57
74 95 49
78 95 51
79 95 49
81 95 55
88 95 54
89 95 47
90 95 53
92 95 53
124 95 30
8 96 9
13 96 16
15 96 14
18 96 19
19 96 13
22 96 10
25 96 10
27 96 14
37 96 11
41 96 8
44 96 15
46 96 15
48 96 12
68 96 15
70 96 13
73 96 13
74 96 10
83 96 7
85 96 13
86 96 14
94 96 6
95 96 10
97 96 10
98 96 10
99 96 14
100 96 8
101 96 9
103 96 7
104 96 5
123 96 11
124 96 5
3 97 8
5 97 8
7 97 10
9 97 8
12 97 10
13 97 14
15 97 12
18 97 16
19 97 11
20 97 8
21 97 8
22 97 8
23 97 9
27 97 11
39 97 9
41 97 6
42 97 7
43 97 10
44 97 13
46 97 12
47 97 11
48 97 10
57 97 9
58 97 9
59 97 10
65 97 11
68 97 13
71 97 3
73 97 11
78 97 9
79 97 8
82 97 11
85 97 11
88 97 10
90 97 9
95 97 9
96 97 10
99 97 12
105 97 8
107 97 7
123 97 9
124 97 4
1 98 12
2 98 12
3 98 14
4 98 16
5 98 15
6 98 8
7 98 17
8 98 14
9 98 15
11 98 14
12 98 17
13 98 23
14 98 16
15 98 20
16 98 16
17 98 14
18 98 27
19 98 19
20 98 14
21 98 13
22 98 15
23 98 16
24 98 17
25 98 14
26 98 16
27 98 19
28 98 16
29 98 16
31 98 14
32 98 16
36 98 10
38 98 14
39 98 15
40 98 16
41 98 11
43 98 18
44 98 21
45 98 12
46 98 21
47 98 19
48 98 17
49 98 14
50 98 16
51 98 13
52 98 11
53 98 10
54 98 15
55 98 15
56 98 15
57 98 16
58 98 17
59 98 18
63 98 17
64 98 17
65 98 19
68 98 22
70 98 18
71 98 6
72 98 18
73 98 19
75 98 7
78 98 15
79 98 14
81 98 17
83 98 11
85 98 18
88 98 17
89 98 13
90 98 16
92 98 16
94 98 9
95 98 15
96 98 17
100 98 11
101 98 14
105 98 14
107 98 12
109 98 4
123 98 16
124 98 7
3 99 21
5 99 22
7 99 25
8 99 20
9 99 22
11 99 21
14 99 24
16 99 24
17 99 21
18 99 37
19 99 27
20 99 21
21 99 20
22 99 22
23 99 23
24 99 25
25 99 21
26 99 24
27 99 28
28 99 23
29 99 24
31 99 21
32 99 24
35 99 23
36 99 15
37 99 24
38 99 21
39 99 23
40 99 24
41 99 17
43 99 27
44 99 31
45 99 18
49 99 20
53 99 16
54 99 22
55 99 22
56 99 22
57 99 23
58 99 25
59 99 26
60 99 23
61 99 23
63 99 25
64 99 26
65 99 28
66 99 25
69 99 23
70 99 27
71 99 9
72 99 26
73 99 27
74 99 21
75 99 10
78 99 23
79 99 21
81 99 26
83 99 16
85 99 27
86 99 28
88 99 25
89 99 20
90 99 24
95 99 23
96 99 25
100 99 18
102 99 19
103 99 15
104 99 12
105 99 22
106 99 13
124 99 11
5 100 25
7 100 29
9 100 25
14 100 27
15 100 32
17 100 24
18 100 41
19 100 30
24 100 29
25 100 24
27 100 32
28 100 27
29 100 27
32 100 27
38 100 24
41 100 20
42 100 22
44 100 34
45 100 21
49 100 23
51 100 23
52 100 20
55 100 25
57 100 26
69 100 27
70 100 30
72 100 29
73 100 31
74 100 24
81 100 29
83 100 19
85 100 30
88 100 28
89 100 23
90 100 27
94 100 16
96 100 28
98 100 24
99 100 33
102 100 21
103 100 17
105 100 24
124 100 12
3 101 7
5 101 8
7 101 9
8 101 7
9 101 8
12 101 9
13 101 13
14 101 9
15 101 11
16 101 9
17 101 8
18 101 15
19 101 10
20 101 8
21 101 7
22 101 8
23 101 8
24 101 9
25 101 8
27 101 11
28 101 9
29 101 9
32 101 9
41 101 6
42 101 7
44 101 12
46 101 12
47 101 10
57 101 8
58 101 9
68 101 12
71 101 3
73 101 10
74 101 8
78 101 8
79 101 8
82 101 10
83 101 6
85 101 10
89 101 7
94 101 5
95 101 8
96 101 9
98 101 7
105 101 8
107 101 6
124 101 3
1 102 10
2 102 10
3 102 11
4 102 13
5 102 12
6 102 6
7 102 14
8 102 11
9 102 12
11 102 11
12 102 14
13 102 19
14 102 13
15 102 16
16 102 13
17 102 11
18 102 22
19 102 15
20 102 11
21 102 11
22 102 12
23 102 13
24 102 14
25 102 11
26 102 13
27 102 16
28 102 13
29 102 13
31 102 11
32 102 13
33 102 12
35 102 13
36 102 8
39 102 13
40 102 13
41 102 9
42 102 10
43 102 15
44 102 18
45 102 10
46 102 17
47 102 15
48 102 14
49 102 11
50 102 13
53 102 8
54 102 12
55 102 12
56 102 12
57 102 13
58 102 13
59 102 14
60 102 13
61 102 13
62 102 13
63 102 14
64 102 14
65 102 16
66 102 14
67 102 10
68 102 18
69 102 13
70 102 15
71 102 5
72 102 14
73 102 15
74 102 11
75 102 5
77 102 10
78 102 12
79 102 12
81 102 14
83 102 9
85 102 15
86 102 16
89 102 11
90 102 13
95 102 12
96 102 14
99 102 16
100 102 9
103 102 8
104 102 6
105 102 12
106 102 7
109 102 4
123 102 13
124 102 5
3 103 35
7 103 41
11 103 35
14 103 39
16 103 39
18 103 54
19 103 43
21 103 34
24 103 41
25 103 35
27 103 44
28 103 38
29 103 39
32 103 38
33 103 36
34 103 34
35 103 38
38 103 34
39 103 38
40 103 39
41 103 29
42 103 33
43 103 42
44 103 47
45 103 31
46 103 47
49 103 34
50 103 38
54 103 36
55 103 36
56 103 36
57 103 38
59 103 42
60 103 38
61 103 38
62 103 39
63 103 40
64 103 41
65 103 44
66 103 40
69 103 38
70 103 42
71 103 17
72 103 41
73 103 43
77 103 31
78 103 37
81 103 41
83 103 28
89 103 33
99 103 45
100 103 30
102 103 31
104 103 21
106 103 23
124 103 19
18 104 56
19 104 44
20 104 37
24 104 42
27 104 46
28 104 40
29 104 40
31 104 37
32 104 40
36 104 27
38 104 36
41 104 31
45 104 33
46 104 49
49 104 36
54 104 38
55 104 38
56 104 38
57 104 39
60 104 40
64 104 43
65 104 46
70 104 44
71 104 18
72 104 43
74 104 37
78 104 39
90 104 41
99 104 47
100 104 31
102 104 33
103 104 28
106 104 24
124 104 20
5 105 20
9 105 20
14 105 21
15 105 26
16 105 22
17 105 19
18 105 34
19 105 24
21 105 18
25 105 19
27 105 26
28 105 21
29 105 21
32 105 21
37 105 21
38 105 18
44 105 28
46 105 28
47 105 25
51 105 18
52 105 16
54 105 20
55 105 20
56 105 20
57 105 21
58 105 22
60 105 21
69 105 21
70 105 24
72 105 23
73 105 25
77 105 16
78 105 20
81 105 23
83 105 15
85 105 24
88 105 22
89 105 18
95 105 20
97 105 20
98 105 19
100 105 16
101 105 18
109 105 6
124 105 9
2 106 15
3 106 18
4 106 21
5 106 19
7 106 21
8 106 17
9 106 19
11 106 18
12 106 21
13 106 28
14 106 20
15 106 25
16 106 21
17 106 18
18 106 32
19 106 23
20 106 18
21 106 17
22 106 19
23 106 20
24 106 22
25 106 18
26 106 20
27 106 24
28 106 20
29 106 20
31 106 18
32 106 20
33 106 18
35 106 20
36 106 12
38 106 17
39 106 19
40 106 21
41 106 14
42 106 16
43 106 22
44 106 26
45 106 15
46 106 26
47 106 23
48 106 22
49 106 17
50 106 20
53 106 13
54 106 19
55 106 19
56 106 19
57 106 19
58 106 21
59 106 22
60 106 20
61 106 19
62 106 20
63 106 21
64 106 22
65 106 24
66 106 21
69 106 20
70 106 23
71 106 7
72 106 22
73 106 23
74 106 18
75 106 8
77 106 15
78 106 19
79 106 18
81 106 22
83 106 14
86 106 24
89 106 17
90 106 20
95 106 19
99 106 25
100 106 15
102 106 15
103 106 12
104 106 10
109 106 6
124 106 9
3 107 12
15 107 17
18 107 23
19 107 16
38 107 12
39 107 13
41 107 9
42 107 11
45 107 10
46 107 18
51 107 11
52 107 10
71 107 5
81 107 15
82 107 16
88 107 14
94 107 8
97 107 13
98 107 12
100 107 10
101 107 11
105 107 12
124 107 6
1 108 44
2 108 44
4 108 53
5 108 50
6 108 33
7 108 54
8 108 47
9 108 50
10 108 25
11 108 49
13 108 63
14 108 52
15 108 59
16 108 53
17 108 49
18 108 68
19 108 57
20 108 49
21 108 47
22 108 50
23 108 51
24 108 55
25 108 49
26 108 53
27 108 58
28 108 52
29 108 52
31 108 48
32 108 52
34 108 48
37 108 52
38 108 48
39 108 51
40 108 53
41 108 42
42 108 46
43 108 56
44 108 61
45 108 44
46 108 61
48 108 55
49 108 47
50 108 52
51 108 47
53 108 40
54 108 50
55 108 50
56 108 50
57 108 51
58 108 53
59 108 55
60 108 52
61 108 51
62 108 52
63 108 54
64 108 55
65 108 58
66 108 54
67 108 44
68 108 61
69 108 52
70 108 56
71 108 26
72 108 55
73 108 57
74 108 49
75 108 29
77 108 44
78 108 51
79 108 49
81 108 55
83 108 41
87 108 51
88 108 54
89 108 47
90 108 53
92 108 53
95 108 51
109 108 21
124 108 29
1 109 38
2 109 37
3 109 41
4 109 46
5 109 43
7 109 47
8 109 40
9 109 43
10 109 21
11 109 42
12 109 47
13 109 56
14 109 45
15 109 52
16 109 46
17 109 42
18 109 61
19 109 50
20 109 42
21 109 40
22 109 43
23 109 45
24 109 48
25 109 42
26 109 46
27 109 51
29 109 45
31 109 42
32 109 45
33 109 43
35 109 45
37 109 45
38 109 41
39 109 44
40 109 46
41 109 35
42 109 39
43 109 49
44 109 54
45 109 37
46 109 54
47 109 50
48 109 48
49 109 41
50 109 45
51 109 40
57 109 44
58 109 46
59 109 48
60 109 45
61 109 44
62 109 45
63 109 47
64 109 48
65 109 51
66 109 47
68 109 55
69 109 45
70 109 49
71 109 21
72 109 48
73 109 50
74 109 42
75 109 23
77 109 37
78 109 44
79 109 42
81 109 48
83 109 34
88 109 47
89 109 40
90 109 46
92 109 46
95 109 44
124 109 24
7 110 6
12 110 6
13 110 8
15 110 7
16 110 6
18 110 10
22 110 5
36 110 3
46 110 7
47 110 6
48 110 6
53 110 3
68 110 8
71 110 2
85 110 6
88 110 6
97 110 5
99 110 7
101 110 4
102 110 4
113 110 7
119 110 4
121 110 6
124 110 2
2 111 4
7 111 7
8 111 5
12 111 7
13 111 9
15 111 8
18 111 11
22 111 6
36 111 3
46 111 8
47 111 7
53 111 4
75 111 2
82 111 7
85 111 7
87 111 6
92 111 6
97 111 6
99 111 8
105 111 5
107 111 4
117 111 3
123 111 6
124 111 2
2 112 5
7 112 7
12 112 7
15 112 8
16 112 6
18 112 11
19 112 7
22 112 6
26 112 6
36 112 4
38 112 5
44 112 9
46 112 9
47 112 7
51 112 5
52 112 4
53 112 4
58 112 7
68 112 9
73 112 8
85 112 7
86 112 8
87 112 6
89 112 5
96 112 7
102 112 5
110 112 4
113 112 8
123 112 6
124 112 2
18 113 16
68 113 13
85 113 11
97 113 9
116 113 5
117 113 5
118 113 7
123 113 10
124 113 4
8 114 4
12 114 5
13 114 7
15 114 6
16 114 5
18 114 8
22 114 4
29 114 5
32 114 4
36 114 3
37 114 5
42 114 4
46 114 6
47 114 5
48 114 5
51 114 4
52 114 3
53 114 3
68 114 6
71 114 2
75 114 2
78 114 4
81 114 5
85 114 5
86 114 6
93 114 1
96 114 5
97 114 4
98 114 4
99 114 6
101 114 4
102 114 3
110 114 3
113 114 6
117 114 2
123 114 5
124 114 2
2 115 4
7 115 7
10 115 2
12 115 7
13 115 9
15 115 8
16 115 6
18 115 11
19 115 7
22 115 6
27 115 8
29 115 6
36 115 3
44 115 8
46 115 8
47 115 7
48 115 7
53 115 4
68 115 9
73 115 7
85 115 7
97 115 6
101 115 5
102 115 4
110 115 4
113 115 8
124 115 2
18 116 17
58 116 10
78 116 9
85 116 11
86 116 12
99 116 12
110 116 7
113 116 12
123 116 10
124 116 4
11 117 9
13 117 15
15 117 13
18 117 18
22 117 10
23 117 10
27 117 13
44 117 14
58 117 11
68 117 15
85 117 12
90 117 11
96 117 11
97 117 10
101 117 9
102 117 8
107 117 8
113 117 13
119 117 7
123 117 11
124 117 4
7 118 6
10 118 2
12 118 6
13 118 8
15 118 7
16 118 6
18 118 10
19 118 6
22 118 5
24 118 6
26 118 6
27 118 7
36 118 3
41 118 4
44 118 8
46 118 8
47 118 7
53 118 3
68 118 8
75 118 2
78 118 5
85 118 6
86 118 7
88 118 6
97 118 5
99 118 7
100 118 4
101 118 5
102 118 4
107 118 4
110 118 4
113 118 7
116 118 3
120 118 2
124 118 2
13 119 9
16 119 6
18 119 10
22 119 5
36 119 3
37 119 6
46 119 8
53 119 4
73 119 7
86 119 7
96 119 6
103 119 3
110 119 4
112 119 12
123 119 6
124 119 2
13 120 15
18 120 18
19 120 12
71 120 3
85 120 12
86 120 12
113 120 13
116 120 6
117 120 5
118 120 7
123 120 10
124 120 4
7 121 6
13 121 9
22 121 5
36 121 3
46 121 8
47 121 7
53 121 4
76 121 7
78 121 5
97 121 5
102 121 4
110 121 4
124 121 2
12 122 5
13 122 7
15 122 6
18 122 8
22 122 4
36 122 2
46 122 6
47 122 5
53 122 3
73 122 5
74 122 4
82 122 5
85 122 5
86 122 5
96 122 5
97 122 4
98 122 4
111 122 2
121 122 5
123 122 5
124 122 2
3 123 7
7 123 9
13 123 12
15 123 10
18 123 14
24 123 9
26 123 8
27 123 10
39 123 8
44 123 11
46 123 11
47 123 9
58 123 8
65 123 10
68 123 11
72 123 9
73 123 9
78 123 8
85 123 9
97 123 8
99 123 10
100 123 6
102 123 6
113 123 10
124 123 3
1 124 68
2 124 68
3 124 71
4 124 75
5 124 73
6 124 56
7 124 76
8 124 70
9 124 73
10 124 47
11 124 71
12 124 76
13 124 82
14 124 74
15 124 79
16 124 75
17 124 71
18 124 85
19 124 78
20 124 71
21 124 70
22 124 73
23 124 74
24 124 76
25 124 72
26 124 75
27 124 79
28 124 74
29 124 74
30 124 52
31 124 71
32 124 74
33 124 72
34 124 71
35 124 74
36 124 62
37 124 74
38 124 71
39 124 74
40 124 75
41 124 66
42 124 69
43 124 77
44 124 81
45 124 68
46 124 80
47 124 78
48 124 76
49 124 70
50 124 74
51 124 70
52 124 66
53 124 64
54 124 73
55 124 73
56 124 73
57 124 74
58 124 75
59 124 77
60 124 74
61 124 74
62 124 74
63 124 76
64 124 76
65 124 78
66 124 76
67 124 67
68 124 81
69 124 74
70 124 77
71 124 48
72 124 76
73 124 78
74 124 72
