3 2 81
14 2 77
21 2 83
27 2 86
29 2 78
2 3 48
4 3 39
5 3 67
6 3 65
9 3 57
10 3 59
11 3 62
12 3 57
13 3 58
16 3 57
17 3 57
18 3 57
19 3 58
20 3 56
21 3 61
22 3 57
23 3 64
24 3 46
25 3 42
27 3 67
28 3 48
29 3 53
31 3 52
34 3 58
35 3 60
36 3 57
38 3 51
39 3 59
40 3 61
41 3 58
49 3 58
50 3 53
52 3 57
62 3 57
63 3 62
73 3 54
79 3 64
88 3 55
94 3 58
3 4 87
5 4 90
2 5 52
3 5 62
6 5 68
10 5 63
11 5 65
12 5 60
13 5 61
14 5 55
16 5 60
17 5 60
18 5 60
19 5 61
20 5 60
21 5 64
22 5 60
23 5 67
26 5 51
27 5 70
29 5 56
31 5 56
32 5 47
33 5 47
34 5 62
35 5 63
36 5 60
37 5 60
38 5 55
39 5 63
40 5 64
41 5 61
43 5 49
49 5 61
50 5 56
51 5 60
52 5 61
54 5 52
55 5 50
56 5 56
57 5 55
58 5 58
59 5 58
60 5 58
61 5 60
62 5 61
63 5 65
79 5 67
2 6 39
3 6 49
4 6 31
5 6 58
9 6 48
10 6 50
11 6 53
12 6 48
13 6 48
14 6 43
15 6 30
16 6 48
17 6 48
18 6 47
19 6 48
20 6 47
21 6 51
22 6 48
23 6 55
24 6 37
25 6 33
26 6 39
27 6 58
28 6 39
29 6 43
30 6 33
31 6 43
32 6 35
33 6 35
34 6 49
35 6 51
36 6 47
37 6 47
38 6 42
39 6 50
40 6 52
41 6 48
43 6 37
44 6 30
46 6 26
47 6 25
49 6 49
50 6 44
51 6 47
52 6 48
53 6 30
54 6 39
55 6 38
56 6 43
57 6 42
58 6 46
59 6 46
60 6 46
61 6 47
62 6 48
63 6 53
64 6 33
73 6 44
79 6 55
88 6 45
89 6 31
93 6 26
97 6 26
72 7 52
122 7 27
19 8 29
69 8 76
2 9 42
3 9 52
4 9 33
5 9 61
6 9 59
10 9 53
11 9 55
12 9 50
13 9 51
14 9 46
16 9 51
17 9 51
18 9 50
19 9 51
20 9 50
21 9 54
22 9 51
23 9 57
27 9 61
29 9 46
30 9 36
31 9 46
34 9 52
35 9 54
36 9 50
39 9 53
40 9 55
41 9 51
49 9 51
51 9 50
52 9 51
55 9 40
57 9 45
62 9 51
63 9 56
73 9 47
79 9 58
88 9 48
89 9 34
93 9 28
94 9 52
97 9 28
2 10 49
3 10 59
4 10 40
5 10 67
6 10 65
11 10 62
12 10 58
13 10 58
14 10 53
15 10 39
16 10 58
17 10 58
18 10 57
19 10 58
20 10 57
21 10 61
22 10 58
23 10 64
24 10 47
26 10 48
27 10 68
28 10 49
29 10 53
30 10 42
31 10 53
32 10 44
33 10 44
34 10 59
35 10 61
36 10 57
37 10 57
38 10 52
39 10 60
40 10 62
41 10 58
43 10 46
45 10 34
49 10 58
50 10 54
51 10 57
52 10 58
54 10 49
55 10 47
56 10 53
57 10 52
58 10 56
59 10 56
60 10 56
61 10 57
62 10 58
63 10 63
64 10 43
79 10 65
88 10 55
2 11 45
3 11 55
5 11 64
6 11 62
10 11 56
12 11 54
13 11 54
14 11 49
15 11 35
16 11 54
17 11 54
18 11 53
19 11 54
20 11 53
21 11 57
22 11 54
23 11 60
25 11 39
26 11 44
27 11 64
28 11 45
29 11 49
30 11 39
31 11 49
32 11 40
33 11 40
34 11 55
35 11 57
36 11 53
37 11 53
38 11 48
39 11 56
40 11 58
41 11 54
43 11 42
49 11 54
50 11 50
51 11 53
52 11 54
54 11 45
56 11 49
57 11 48
58 11 52
59 11 52
60 11 52
61 11 53
62 11 54
63 11 59
64 11 39
73 11 50
79 11 61
88 11 51
94 11 55
2 12 50
3 12 60
4 12 40
5 12 68
6 12 66
10 12 61
11 12 63
13 12 59
14 12 53
16 12 59
17 12 58
18 12 58
19 12 59
20 12 58
21 12 62
22 12 58
23 12 65
24 12 47
26 12 49
27 12 68
29 12 54
30 12 43
31 12 54
32 12 45
33 12 45
34 12 60
35 12 61
36 12 58
37 12 58
38 12 53
39 12 61
40 12 62
41 12 59
43 12 47
49 12 59
50 12 54
51 12 58
52 12 59
54 12 50
55 12 48
56 12 54
57 12 53
58 12 56
59 12 56
60 12 56
61 12 58
62 12 59
63 12 63
73 12 55
79 12 65
94 12 60
108 12 44
2 13 49
3 13 59
5 13 67
6 13 65
10 13 60
11 13 62
12 13 57
14 13 53
16 13 58
17 13 57
18 13 57
19 13 58
20 13 57
21 13 61
22 13 58
23 13 64
24 13 46
26 13 48
27 13 67
29 13 53
30 13 42
31 13 53
32 13 44
33 13 44
34 13 59
35 13 61
36 13 57
37 13 57
38 13 52
39 13 60
40 13 62
41 13 58
43 13 46
49 13 58
50 13 54
51 13 57
52 13 58
56 13 53
57 13 52
58 13 55
59 13 56
60 13 55
61 13 57
62 13 58
63 13 62
64 13 43
73 13 54
79 13 64
88 13 55
2 14 54
5 14 72
6 14 70
10 14 65
11 14 67
12 14 62
13 14 63
16 14 62
17 14 62
18 14 62
19 14 63
20 14 62
21 14 66
22 14 62
23 14 68
27 14 72
29 14 58
31 14 58
34 14 64
35 14 65
36 14 62
37 14 62
38 14 57
39 14 65
40 14 66
41 14 63
42 14 42
49 14 63
50 14 59
51 14 62
52 14 63
54 14 54
55 14 52
57 14 57
58 14 60
59 14 60
60 14 60
61 14 62
62 14 63
63 14 67
79 14 69
94 14 64
3 15 71
5 15 78
6 15 76
10 15 72
11 15 74
12 15 70
13 15 70
14 15 66
17 15 70
19 15 70
20 15 69
21 15 73
22 15 70
23 15 75
27 15 78
28 15 62
29 15 66
34 15 71
35 15 73
36 15 70
37 15 69
39 15 72
40 15 73
51 15 69
52 15 70
54 15 62
55 15 60
57 15 65
58 15 68
59 15 68
60 15 68
61 15 70
62 15 70
63 15 74
64 15 56
79 15 76
2 16 50
3 16 60
5 16 68
6 16 66
10 16 61
11 16 63
12 16 58
13 16 59
14 16 54
17 16 58
18 16 58
19 16 59
20 16 58
21 16 62
22 16 59
23 16 65
24 16 47
26 16 49
27 16 68
28 16 50
29 16 54
30 16 43
31 16 54
32 16 45
33 16 45
34 16 60
35 16 62
36 16 58
37 16 58
38 16 53
39 16 61
40 16 62
41 16 59
42 16 39
43 16 47
44 16 39
45 16 35
46 16 35
47 16 34
48 16 33
49 16 59
50 16 55
51 16 58
52 16 59
53 16 40
56 16 54
57 16 53
58 16 56
59 16 57
60 16 56
61 16 58
62 16 59
63 16 63
79 16 65
88 16 56
3 17 61
5 17 69
6 17 67
10 17 62
11 17 64
12 17 59
13 17 60
14 17 55
15 17 40
16 17 60
18 17 59
19 17 60
20 17 59
21 17 63
22 17 60
23 17 66
24 17 48
26 17 50
27 17 69
29 17 55
30 17 44
31 17 55
32 17 46
33 17 46
34 17 61
35 17 63
36 17 59
37 17 59
38 17 54
39 17 62
40 17 63
41 17 60
42 17 40
43 17 48
44 17 40
45 17 36
46 17 36
47 17 35
48 17 34
49 17 60
50 17 56
51 17 59
52 17 60
53 17 41
56 17 55
58 17 57
59 17 58
60 17 57
61 17 59
62 17 60
63 17 64
64 17 45
73 17 56
79 17 66
88 17 57
2 18 50
3 18 60
4 18 40
5 18 68
6 18 66
10 18 60
11 18 63
12 18 58
13 18 59
14 18 53
16 18 58
17 18 58
19 18 59
20 18 57
21 18 62
22 18 58
23 18 65
24 18 47
26 18 49
27 18 68
28 18 49
29 18 54
30 18 43
31 18 53
32 18 45
33 18 45
34 18 60
35 18 61
36 18 58
37 18 57
38 18 53
39 18 60
40 18 62
41 18 59
42 18 38
43 18 47
44 18 39
45 18 35
46 18 35
47 18 34
48 18 33
49 18 59
50 18 54
51 18 57
52 18 58
53 18 39
54 18 49
57 18 53
58 18 56
59 18 56
60 18 56
61 18 58
62 18 59
63 18 63
79 18 65
88 18 56
3 19 61
5 19 69
6 19 67
10 19 61
11 19 64
12 19 59
13 19 60
14 19 54
15 19 40
16 19 59
17 19 59
18 19 59
20 19 58
21 19 63
22 19 59
23 19 66
24 19 48
26 19 50
27 19 69
29 19 55
30 19 44
31 19 55
32 19 46
33 19 46
34 19 61
35 19 62
36 19 59
37 19 59
38 19 54
39 19 61
40 19 63
41 19 60
42 19 39
43 19 48
44 19 40
45 19 36
46 19 36
47 19 35
48 19 34
49 19 60
50 19 55
51 19 58
52 19 59
53 19 40
56 19 55
57 19 54
58 19 57
59 19 57
60 19 57
61 19 59
62 19 60
63 19 64
73 19 56
79 19 66
108 19 45
2 20 51
3 20 61
5 20 69
6 20 67
10 20 62
11 20 64
12 20 60
13 20 60
14 20 55
16 20 60
17 20 60
18 20 59
19 20 60
21 20 63
22 20 60
23 20 66
24 20 49
26 20 51
27 20 70
28 20 51
29 20 56
30 20 45
31 20 55
32 20 46
33 20 47
34 20 61
35 20 63
36 20 59
37 20 59
38 20 54
39 20 62
40 20 64
41 20 60
43 20 49
49 20 61
50 20 56
51 20 59
52 20 60
54 20 51
55 20 49
56 20 55
57 20 54
58 20 58
59 20 58
60 20 58
61 20 59
62 20 60
63 20 65
64 20 45
73 20 57
79 20 67
2 21 47
3 21 57
5 21 65
6 21 63
10 21 58
11 21 60
12 21 55
13 21 56
14 21 50
15 21 36
16 21 55
17 21 55
18 21 55
19 21 56
20 21 54
22 21 55
23 21 62
24 21 44
26 21 46
27 21 65
28 21 46
29 21 51
31 21 50
32 21 42
33 21 42
34 21 57
35 21 58
36 21 55
37 21 55
38 21 49
39 21 58
40 21 59
41 21 56
42 21 35
43 21 44
46 21 32
48 21 30
49 21 56
50 21 51
51 21 54
52 21 55
53 21 37
54 21 46
55 21 45
56 21 51
57 21 50
58 21 53
59 21 53
60 21 53
61 21 55
62 21 56
63 21 60
79 21 62
88 21 53
89 21 38
94 21 56
108 21 41
2 22 51
3 22 61
5 22 69
6 22 67
10 22 62
11 22 64
12 22 59
13 22 60
14 22 55
16 22 60
17 22 60
18 22 59
19 22 60
20 22 59
21 22 63
23 22 66
26 22 50
27 22 69
28 22 51
29 22 55
30 22 44
31 22 55
32 22 46
33 22 46
34 22 61
35 22 63
36 22 59
37 22 59
38 22 54
39 22 62
40 22 64
41 22 60
43 22 48
49 22 60
50 22 56
51 22 59
52 22 60
55 22 49
56 22 55
57 22 54
58 22 58
59 22 58
60 22 58
61 22 59
62 22 60
63 22 64
64 22 45
73 22 56
79 22 66
2 23 44
3 23 54
5 23 62
6 23 60
10 23 55
11 23 57
12 23 52
13 23 53
14 23 47
15 23 33
16 23 52
17 23 52
18 23 52
19 23 53
20 23 51
21 23 56
22 23 52
24 23 41
25 23 37
26 23 43
27 23 63
28 23 43
29 23 48
30 23 37
31 23 47
32 23 39
33 23 39
34 23 54
35 23 55
36 23 52
37 23 52
38 23 46
39 23 55
40 23 56
41 23 53
43 23 41
49 23 53
51 23 51
52 23 52
55 23 42
56 23 48
57 23 47
58 23 50
59 23 50
60 23 50
61 23 52
62 23 53
63 23 57
73 23 49
79 23 59
88 23 50
94 23 53
108 23 38
2 24 63
3 24 72
5 24 78
6 24 77
10 24 72
11 24 74
12 24 70
13 24 71
14 24 66
16 24 71
17 24 70
18 24 70
19 24 71
20 24 70
21 24 73
22 24 70
23 24 76
26 24 62
28 24 63
29 24 67
34 24 72
35 24 73
36 24 70
37 24 70
39 24 72
40 24 74
41 24 71
43 24 60
49 24 71
50 24 67
51 24 70
54 24 63
55 24 61
56 24 66
57 24 66
58 24 69
59 24 69
60 24 69
61 24 70
63 24 75
3 25 66
5 25 74
6 25 72
9 25 65
10 25 67
11 25 69
13 25 65
16 25 65
18 25 65
21 25 68
22 25 65
23 25 71
26 25 56
29 25 61
34 25 66
35 25 68
39 25 67
40 25 69
49 25 66
50 25 61
51 25 64
61 25 64
63 25 69
73 25 62
88 25 63
121 25 53
3 26 68
5 26 75
6 26 74
10 26 69
11 26 71
12 26 67
13 26 67
16 26 67
17 26 67
18 26 66
19 26 67
20 26 66
21 26 70
22 26 67
23 26 73
24 26 56
27 26 76
31 26 63
34 26 68
35 26 70
36 26 66
37 26 66
38 26 62
39 26 69
40 26 70
41 26 67
43 26 56
49 26 67
50 26 63
52 26 67
53 26 49
56 26 63
58 26 65
59 26 65
60 26 65
61 26 66
62 26 67
63 26 71
88 26 65
2 27 40
3 27 50
5 27 59
6 27 57
10 27 51
11 27 53
12 27 48
13 27 49
14 27 44
15 27 30
16 27 49
17 27 49
18 27 48
19 27 49
20 27 48
21 27 52
22 27 49
23 27 55
26 27 39
28 27 40
29 27 44
30 27 34
31 27 44
32 27 35
33 27 36
34 27 50
35 27 52
36 27 48
37 27 48
38 27 43
39 27 51
40 27 53
41 27 49
43 27 38
49 27 49
50 27 45
52 27 49
54 27 40
55 27 38
56 27 44
57 27 43
58 27 47
59 27 47
60 27 47
61 27 48
62 27 49
63 27 54
73 27 45
79 27 56
88 27 46
93 27 26
3 28 69
5 28 76
6 28 74
8 28 74
10 28 70
11 28 72
12 28 68
13 28 68
16 28 68
17 28 68
18 28 67
19 28 68
20 28 67
21 28 71
22 28 68
23 28 73
24 28 57
26 28 59
27 28 76
31 28 64
32 28 55
33 28 55
34 28 69
35 28 71
36 28 67
37 28 67
39 28 70
40 28 71
41 28 68
43 28 57
49 28 68
51 28 67
54 28 60
55 28 58
56 28 64
57 28 63
58 28 66
59 28 66
60 28 66
61 28 67
63 28 72
64 28 53
79 28 74
88 28 66
2 29 53
3 29 63
4 29 44
5 29 71
6 29 69
10 29 64
11 29 66
12 29 62
13 29 62
14 29 57
15 29 43
16 29 62
17 29 62
18 29 61
19 29 62
20 29 61
21 29 65
22 29 62
23 29 68
24 29 51
26 29 53
27 29 71
31 29 57
34 29 63
35 29 65
36 29 61
37 29 61
38 29 56
39 29 64
40 29 66
41 29 62
42 29 42
49 29 62
50 29 58
51 29 61
52 29 62
56 29 57
58 29 60
59 29 60
60 29 60
61 29 61
62 29 62
63 29 66
64 29 47
79 29 68
89 29 45
108 29 48
5 30 79
6 30 77
10 30 73
11 30 74
12 30 71
13 30 71
16 30 71
17 30 71
18 30 70
19 30 71
20 30 70
21 30 74
22 30 71
23 30 76
27 30 79
34 30 72
35 30 73
36 30 70
37 30 70
39 30 73
40 30 74
41 30 71
51 30 70
52 30 71
54 30 63
58 30 69
59 30 69
60 30 69
61 30 70
62 30 71
63 30 75
73 30 68
122 30 45
3 31 66
4 31 46
5 31 73
10 31 66
11 31 68
12 31 64
13 31 65
16 31 64
17 31 64
18 31 64
19 31 65
20 31 64
21 31 67
22 31 64
23 31 70
26 31 55
27 31 73
29 31 60
34 31 66
35 31 67
36 31 64
37 31 64
38 31 59
39 31 66
40 31 68
41 31 65
43 31 53
51 31 63
52 31 64
58 31 62
59 31 62
60 31 62
61 31 64
62 31 65
63 31 69
73 31 61
88 31 62
108 31 50
122 31 38
5 32 78
6 32 76
10 32 71
11 32 73
12 32 69
13 32 70
16 32 70
17 32 69
18 32 69
19 32 70
20 32 69
21 32 72
22 32 69
23 32 75
27 32 78
28 32 62
33 32 57
34 32 71
35 32 72
36 32 69
37 32 69
39 32 71
40 32 73
41 32 70
43 32 59
50 32 66
51 32 69
54 32 61
55 32 60
56 32 65
57 32 65
58 32 68
59 32 68
60 32 68
61 32 69
63 32 74
79 32 75
122 32 43
5 33 79
6 33 77
10 33 73
11 33 75
12 33 71
13 33 71
16 33 71
17 33 71
18 33 70
19 33 71
20 33 70
21 33 74
22 33 71
23 33 76
27 33 79
28 33 63
32 33 58
34 33 72
35 33 73
36 33 70
37 33 70
39 33 73
40 33 74
41 33 71
51 33 70
55 33 61
56 33 67
57 33 66
58 33 69
59 33 69
60 33 69
61 33 70
79 33 76
122 33 45
2 34 48
3 34 58
4 34 39
5 34 67
6 34 65
10 34 59
11 34 61
12 34 57
13 34 57
14 34 52
15 34 38
16 34 57
17 34 57
18 34 56
19 34 57
20 34 56
21 34 60
22 34 57
23 34 63
24 34 46
26 34 48
27 34 67
29 34 52
30 34 42
31 34 52
32 34 43
35 34 60
36 34 56
37 34 56
38 34 51
39 34 59
40 34 61
41 34 58
43 34 46
49 34 58
50 34 53
51 34 56
52 34 57
55 34 46
56 34 52
57 34 51
58 34 55
59 34 55
60 34 55
61 34 56
62 34 57
63 34 62
64 34 42
73 34 54
79 34 64
88 34 55
2 35 46
3 35 56
5 35 64
6 35 62
10 35 57
11 35 59
12 35 54
13 35 55
14 35 49
15 35 35
16 35 54
17 35 54
18 35 54
19 35 55
20 35 53
21 35 58
22 35 54
23 35 61
24 35 43
26 35 45
27 35 64
28 35 45
29 35 50
30 35 39
31 35 49
32 35 41
33 35 41
34 35 56
36 35 54
37 35 54
38 35 48
39 35 57
40 35 58
41 35 55
43 35 43
49 35 55
50 35 50
51 35 53
52 35 54
54 35 45
55 35 44
56 35 50
57 35 49
58 35 52
59 35 52
60 35 52
61 35 54
62 35 55
63 35 59
64 35 39
73 35 51
79 35 61
88 35 52
97 35 31
2 36 51
3 36 61
5 36 69
6 36 67
10 36 62
11 36 64
12 36 59
13 36 60
14 36 54
15 36 40
16 36 60
17 36 59
18 36 59
19 36 60
20 36 59
21 36 63
22 36 59
23 36 66
24 36 48
26 36 50
27 36 69
28 36 51
29 36 55
30 36 44
31 36 55
32 36 46
33 36 46
34 36 61
35 36 63
37 36 59
38 36 54
39 36 62
40 36 63
41 36 60
43 36 48
49 36 60
50 36 56
51 36 59
52 36 60
54 36 51
55 36 49
56 36 55
57 36 54
58 36 57
59 36 57
60 36 57
61 36 59
62 36 60
63 36 64
64 36 44
73 36 56
79 36 66
108 36 45
5 37 72
6 37 70
10 37 65
11 37 67
12 37 63
13 37 63
14 37 58
16 37 63
17 37 63
18 37 62
19 37 63
20 37 62
21 37 66
22 37 63
23 37 69
24 37 52
26 37 53
27 37 72
28 37 54
29 37 58
30 37 48
31 37 58
32 37 49
33 37 50
34 37 64
35 37 66
36 37 62
38 37 57
39 37 65
40 37 66
41 37 63
43 37 52
49 37 63
50 37 59
51 37 62
52 37 63
56 37 58
58 37 61
59 37 61
60 37 61
61 37 62
62 37 63
63 37 67
64 37 48
3 38 66
5 38 74
6 38 72
10 38 67
11 38 69
12 38 65
13 38 65
14 38 60
16 38 65
17 38 65
18 38 64
19 38 65
20 38 64
21 38 68
22 38 65
23 38 71
26 38 56
27 38 74
29 38 60
31 38 60
34 38 66
35 38 68
36 38 64
37 38 64
39 38 67
40 38 68
41 38 65
49 38 65
51 38 64
52 38 65
58 38 63
59 38 63
60 38 63
61 38 64
62 38 65
63 38 69
94 38 66
108 38 51
2 39 49
3 39 59
4 39 40
5 39 68
6 39 65
10 39 60
11 39 62
12 39 58
13 39 58
14 39 53
15 39 39
16 39 58
17 39 58
18 39 57
19 39 58
20 39 57
21 39 61
22 39 58
23 39 64
24 39 47
26 39 48
27 39 68
28 39 49
29 39 53
30 39 43
31 39 53
32 39 44
33 39 44
34 39 59
35 39 61
36 39 57
37 39 57
38 39 52
40 39 62
41 39 58
43 39 46
49 39 58
50 39 54
51 39 57
52 39 58
56 39 53
57 39 52
58 39 56
59 39 56
60 39 56
61 39 57
62 39 58
63 39 63
64 39 43
79 39 65
88 39 55
94 39 59
2 40 45
3 40 55
5 40 64
6 40 62
10 40 56
11 40 59
12 40 54
13 40 55
14 40 49
15 40 35
16 40 54
17 40 54
18 40 54
19 40 55
20 40 53
21 40 58
22 40 54
23 40 61
24 40 43
25 40 39
26 40 45
27 40 64
28 40 45
29 40 50
30 40 39
31 40 49
32 40 40
34 40 56
35 40 57
36 40 54
37 40 53
38 40 48
39 40 56
41 40 55
43 40 43
49 40 55
51 40 53
52 40 54
56 40 49
57 40 49
58 40 52
59 40 52
60 40 52
61 40 54
62 40 54
63 40 59
64 40 39
73 40 51
79 40 61
88 40 52
94 40 55
3 41 61
5 41 69
6 41 67
10 41 62
11 41 64
12 41 59
13 41 60
14 41 55
16 41 60
17 41 59
18 41 59
19 41 60
20 41 59
21 41 63
22 41 59
23 41 66
24 41 48
26 41 50
27 41 69
29 41 55
30 41 44
31 41 55
32 41 46
33 41 46
34 41 61
35 41 63
36 41 59
37 41 59
38 41 54
39 41 62
40 41 63
42 41 39
43 41 48
44 41 40
45 41 36
46 41 36
47 41 35
48 41 34
49 41 60
50 41 56
51 41 59
52 41 60
53 41 41
56 41 55
57 41 54
58 41 57
59 41 57
60 41 57
61 41 59
62 41 60
63 41 64
64 41 44
79 41 66
94 41 61
2 42 60
5 42 76
6 42 74
10 42 70
11 42 72
12 42 67
13 42 68
14 42 63
16 42 68
17 42 68
18 42 67
19 42 68
20 42 67
21 42 71
22 42 68
23 42 73
24 42 57
27 42 76
29 42 64
31 42 63
34 42 69
35 42 70
36 42 67
37 42 67
38 42 62
39 42 70
40 42 71
41 42 68
49 42 68
50 42 64
52 42 68
58 42 66
59 42 66
60 42 66
61 42 67
62 42 68
63 42 72
5 43 75
6 43 73
10 43 68
11 43 70
12 43 66
13 43 66
16 43 66
17 43 66
18 43 65
19 43 66
20 43 65
21 43 69
22 43 66
23 43 72
24 43 55
26 43 57
27 43 75
28 43 57
31 43 61
32 43 53
34 43 67
35 43 69
36 43 65
37 43 65
39 43 68
40 43 69
41 43 66
44 43 47
46 43 43
49 43 66
50 43 62
52 43 66
53 43 47
58 43 64
59 43 64
60 43 64
61 43 65
62 43 66
63 43 70
81 43 42
89 43 49
94 43 67
2 44 60
5 44 76
6 44 74
10 44 70
11 44 72
12 44 67
13 44 68
14 44 63
16 44 68
18 44 67
19 44 68
20 44 67
21 44 71
22 44 68
23 44 73
24 44 57
27 44 76
34 44 69
35 44 70
36 44 67
37 44 67
39 44 70
40 44 71
41 44 68
43 44 57
49 44 68
50 44 64
51 44 67
52 44 68
54 44 59
55 44 58
57 44 63
58 44 66
59 44 66
60 44 66
61 44 67
62 44 68
63 44 72
2 45 60
5 45 76
10 45 70
11 45 72
12 45 68
13 45 69
16 45 68
18 45 68
19 45 69
20 45 67
21 45 71
22 45 68
23 45 74
24 45 58
27 45 77
34 45 69
35 45 71
37 45 67
39 45 70
40 45 72
41 45 69
50 45 65
51 45 67
52 45 68
54 45 60
55 45 58
57 45 63
58 45 66
59 45 66
60 45 66
61 45 68
62 45 68
63 45 72
88 45 66
2 46 61
5 46 77
6 46 75
10 46 70
11 46 72
12 46 68
13 46 69
14 46 64
16 46 69
18 46 68
19 46 69
20 46 68
21 46 71
22 46 68
23 46 74
24 46 58
27 46 77
34 46 70
35 46 71
36 46 68
37 46 68
39 46 70
40 46 72
41 46 69
43 46 58
50 46 65
52 46 69
58 46 67
59 46 67
60 46 67
61 46 68
62 46 69
63 46 73
79 46 74
2 47 61
5 47 77
6 47 75
10 47 71
11 47 73
12 47 69
13 47 69
14 47 64
16 47 69
18 47 68
19 47 69
20 47 68
21 47 72
22 47 69
23 47 74
24 47 58
27 47 77
34 47 70
35 47 71
36 47 68
37 47 68
39 47 71
40 47 72
41 47 69
50 47 65
52 47 69
58 47 67
59 47 67
60 47 67
61 47 68
62 47 69
63 47 73
79 47 75
2 48 62
5 48 78
6 48 76
10 48 71
11 48 73
12 48 69
13 48 70
16 48 70
18 48 69
19 48 70
20 48 69
21 48 72
22 48 70
23 48 75
27 48 78
34 48 71
35 48 72
36 48 69
37 48 69
39 48 71
40 48 73
50 48 66
52 48 70
58 48 68
59 48 68
60 48 68
61 48 69
62 48 70
63 48 74
2 49 42
3 49 52
4 49 33
5 49 61
6 49 59
9 49 51
10 49 53
11 49 56
12 49 51
13 49 52
14 49 46
16 49 51
17 49 51
18 49 51
19 49 52
20 49 50
21 49 55
22 49 51
23 49 58
24 49 40
26 49 42
27 49 61
28 49 42
29 49 47
31 49 46
34 49 53
35 49 54
36 49 51
37 49 50
38 49 45
39 49 53
40 49 55
41 49 52
42 49 32
43 49 40
44 49 32
45 49 29
47 49 28
50 49 47
51 49 50
52 49 51
53 49 33
54 49 42
55 49 41
56 49 46
57 49 46
58 49 49
59 49 49
60 49 49
61 49 51
62 49 51
63 49 56
64 49 36
65 49 41
73 49 48
79 49 58
80 49 30
81 49 28
88 49 49
89 49 34
93 49 28
94 49 52
97 49 28
108 49 37
122 49 26
2 50 52
3 50 62
4 50 42
5 50 70
6 50 68
10 50 63
11 50 65
12 50 60
13 50 61
14 50 55
16 50 60
17 50 60
18 50 60
19 50 61
20 50 60
21 50 64
22 50 60
24 50 49
26 50 51
27 50 70
28 50 52
29 50 56
32 50 47
34 50 62
35 50 63
36 50 60
37 50 60
38 50 55
39 50 63
41 50 61
42 50 40
43 50 49
44 50 41
45 50 37
46 50 37
47 50 36
48 50 35
49 50 61
51 50 59
52 50 61
53 50 42
54 50 52
55 50 50
56 50 56
57 50 55
58 50 58
59 50 58
60 50 58
61 50 60
62 50 61
63 50 65
64 50 45
73 50 57
80 50 38
81 50 36
89 50 43
94 50 62
108 50 46
122 50 34
5 51 67
6 51 65
10 51 60
11 51 62
12 51 57
13 51 58
14 51 53
16 51 58
17 51 58
18 51 57
19 51 58
20 51 57
21 51 61
22 51 58
23 51 64
24 51 46
27 51 68
28 51 49
29 51 53
30 51 42
31 51 53
32 51 44
33 51 44
34 51 59
35 51 61
36 51 57
37 51 57
38 51 52
39 51 60
40 51 62
41 51 58
50 51 54
52 51 58
54 51 49
55 51 47
56 51 53
57 51 52
58 51 56
59 51 56
60 51 56
61 51 57
62 51 58
63 51 62
73 51 54
79 51 64
81 51 34
88 51 55
89 51 40
93 51 34
108 51 43
2 52 49
3 52 59
5 52 68
6 52 66
9 52 58
10 52 60
11 52 62
12 52 58
13 52 58
14 52 53
16 52 58
17 52 58
18 52 58
19 52 59
20 52 57
21 52 61
22 52 58
23 52 64
26 52 49
27 52 68
28 52 49
29 52 54
30 52 43
31 52 53
34 52 59
35 52 61
36 52 57
37 52 57
38 52 52
39 52 60
40 52 62
41 52 59
42 52 38
43 52 47
44 52 39
45 52 35
46 52 35
47 52 34
48 52 33
49 52 59
50 52 54
51 52 57
53 52 39
55 52 48
56 52 53
57 52 53
58 52 56
59 52 56
60 52 56
61 52 57
62 52 58
63 52 63
73 52 55
79 52 65
88 52 56
89 52 41
108 52 44
2 53 49
3 53 59
4 53 40
5 53 67
6 53 65
10 53 60
11 53 62
12 53 57
13 53 58
14 53 53
16 53 58
17 53 58
18 53 57
19 53 58
20 53 57
21 53 61
22 53 58
23 53 64
24 53 46
26 53 48
27 53 68
28 53 49
29 53 53
31 53 53
34 53 59
35 53 61
36 53 57
37 53 57
38 53 52
39 53 60
40 53 62
41 53 58
43 53 46
49 53 58
50 53 54
51 53 57
52 53 58
55 53 47
56 53 53
57 53 52
58 53 56
59 53 56
60 53 56
61 53 57
62 53 58
63 53 62
79 53 64
89 53 40
93 53 34
94 53 59
108 53 43
122 53 31
5 54 76
10 54 70
11 54 71
12 54 67
13 54 68
16 54 68
17 54 67
18 54 67
19 54 68
20 54 67
21 54 71
22 54 67
23 54 73
24 54 57
27 54 76
30 54 53
32 54 55
34 54 69
35 54 70
36 54 67
37 54 67
39 54 70
40 54 71
41 54 68
43 54 57
49 54 68
50 54 64
51 54 67
52 54 68
55 54 58
56 54 63
57 54 62
58 54 66
59 54 66
60 54 66
61 54 67
62 54 68
63 54 72
79 54 73
88 54 65
94 54 69
122 54 41
5 55 77
6 55 76
10 55 71
11 55 73
12 55 69
13 55 70
14 55 65
16 55 69
17 55 69
18 55 69
19 55 70
20 55 68
21 55 72
22 55 69
23 55 75
24 55 59
27 55 77
28 55 61
32 55 56
33 55 57
34 55 70
35 55 72
36 55 69
37 55 69
39 55 71
40 55 73
41 55 70
49 55 70
50 55 66
51 55 68
52 55 69
56 55 65
58 55 67
59 55 67
60 55 67
61 55 69
62 55 69
63 55 73
73 55 66
79 55 75
81 55 46
122 55 43
5 56 74
6 56 72
10 56 67
11 56 69
12 56 65
13 56 65
16 56 65
17 56 65
18 56 64
19 56 65
20 56 64
21 56 68
22 56 65
23 56 71
24 56 54
26 56 56
27 56 74
28 56 56
29 56 60
32 56 51
33 56 52
34 56 66
35 56 68
36 56 64
37 56 64
39 56 67
40 56 68
41 56 65
50 56 61
51 56 64
52 56 65
55 56 55
57 56 60
58 56 63
59 56 63
60 56 63
61 56 64
62 56 65
63 56 69
64 56 50
88 56 62
5 57 74
6 57 72
10 57 68
11 57 70
12 57 65
13 57 66
14 57 61
16 57 66
17 57 65
18 57 65
19 57 66
20 57 65
21 57 69
22 57 65
23 57 71
24 57 55
27 57 74
31 57 61
32 57 52
33 57 53
34 57 67
35 57 68
36 57 65
37 57 65
39 57 68
40 57 69
41 57 66
50 57 62
51 57 65
52 57 66
56 57 61
58 57 64
59 57 64
60 57 64
61 57 65
62 57 66
63 57 70
2 58 50
5 58 68
6 58 66
10 58 61
11 58 63
12 58 58
13 58 59
14 58 53
16 58 59
17 58 58
18 58 58
19 58 59
20 58 58
21 58 62
22 58 58
23 58 65
24 58 47
26 58 49
27 58 68
28 58 50
29 58 54
30 58 43
31 58 54
32 58 45
33 58 45
34 58 60
35 58 62
36 58 58
37 58 58
38 58 53
39 58 61
40 58 62
41 58 59
42 58 38
43 58 47
44 58 39
45 58 35
46 58 35
47 58 34
48 58 33
49 58 59
50 58 55
51 58 58
52 58 59
53 58 40
55 58 48
56 58 54
57 58 53
59 58 56
60 58 56
61 58 58
62 58 59
63 58 63
78 58 20
79 58 65
81 58 35
122 58 32
2 59 50
5 59 68
6 59 66
10 59 61
11 59 63
12 59 58
13 59 59
14 59 53
16 59 59
17 59 58
18 59 58
19 59 59
20 59 58
21 59 62
22 59 58
23 59 65
24 59 47
26 59 49
27 59 68
28 59 50
29 59 54
30 59 43
31 59 54
32 59 45
33 59 45
34 59 60
35 59 61
36 59 58
37 59 58
38 59 53
39 59 61
40 59 62
41 59 59
42 59 38
43 59 47
44 59 39
45 59 35
46 59 35
47 59 34
48 59 33
49 59 59
50 59 54
51 59 58
52 59 59
53 59 40
55 59 48
56 59 54
57 59 53
58 59 56
60 59 56
61 59 58
62 59 59
63 59 63
78 59 20
81 59 35
94 59 60
122 59 32
2 60 49
5 60 67
6 60 65
10 60 60
11 60 62
12 60 57
13 60 58
14 60 52
16 60 58
17 60 57
18 60 57
19 60 58
20 60 57
21 60 61
22 60 57
23 60 64
24 60 46
26 60 48
27 60 67
28 60 49
29 60 53
30 60 42
31 60 53
32 60 44
33 60 44
34 60 59
35 60 61
36 60 57
37 60 57
38 60 52
39 60 60
40 60 61
41 60 58
42 60 38
43 60 46
44 60 38
45 60 34
46 60 34
47 60 33
48 60 32
49 60 58
50 60 54
51 60 57
52 60 58
53 60 39
55 60 47
56 60 53
57 60 52
58 60 55
59 60 55
61 60 57
62 60 58
63 60 62
78 60 20
79 60 64
81 60 34
122 60 31
2 61 45
3 61 55
5 61 63
6 61 61
10 61 56
11 61 58
12 61 53
13 61 54
14 61 48
16 61 53
17 61 53
18 61 53
19 61 54
20 61 53
21 61 57
22 61 53
23 61 60
24 61 42
26 61 44
27 61 64
28 61 45
29 61 49
30 61 38
31 61 49
32 61 40
33 61 40
34 61 55
35 61 56
36 61 53
37 61 53
38 61 48
39 61 56
40 61 57
41 61 54
42 61 34
43 61 42
44 61 34
45 61 31
46 61 31
47 61 30
48 61 29
49 61 54
50 61 49
51 61 52
52 61 54
53 61 35
54 61 44
55 61 43
56 61 49
57 61 48
58 61 51
59 61 51
60 61 51
62 61 54
63 61 58
64 61 38
65 61 43
73 61 50
78 61 17
79 61 60
81 61 30
89 61 36
93 61 30
108 61 39
122 61 28
3 62 60
5 62 68
6 62 66
10 62 61
11 62 63
12 62 58
13 62 59
14 62 53
16 62 59
17 62 58
18 62 58
19 62 59
20 62 58
21 62 62
22 62 58
23 62 65
26 62 49
27 62 68
28 62 50
29 62 54
30 62 43
31 62 54
34 62 60
35 62 61
36 62 58
37 62 58
38 62 53
39 62 61
40 62 62
41 62 59
42 62 38
43 62 47
44 62 39
45 62 35
46 62 35
47 62 34
48 62 33
49 62 59
50 62 54
51 62 58
52 62 59
53 62 40
54 62 50
56 62 54
57 62 53
58 62 56
59 62 56
60 62 56
61 62 58
63 62 63
64 62 43
69 62 92
79 62 65
88 62 56
94 62 60
122 62 32
2 63 41
3 63 51
5 63 60
6 63 58
9 63 50
10 63 52
11 63 54
12 63 50
13 63 50
14 63 45
16 63 50
17 63 50
18 63 49
19 63 50
20 63 49
21 63 53
22 63 50
23 63 56
24 63 39
26 63 40
27 63 60
28 63 41
29 63 45
30 63 35
31 63 45
32 63 36
34 63 51
35 63 53
36 63 49
37 63 49
38 63 44
39 63 52
40 63 54
41 63 50
42 63 31
43 63 39
44 63 31
45 63 28
46 63 28
47 63 27
48 63 26
49 63 50
50 63 46
51 63 49
52 63 50
53 63 32
54 63 41
55 63 39
56 63 45
57 63 44
58 63 48
59 63 48
60 63 48
61 63 49
62 63 50
65 63 40
71 63 20
73 63 46
79 63 57
80 63 29
81 63 27
88 63 47
89 63 33
93 63 27
94 63 51
97 63 27
108 63 36
5 64 77
6 64 75
10 64 70
11 64 72
12 64 68
13 64 69
16 64 69
17 64 68
18 64 68
20 64 68
21 64 71
22 64 68
23 64 74
27 64 77
29 64 64
34 64 70
35 64 71
36 64 68
37 64 68
39 64 70
40 64 72
41 64 69
50 64 65
52 64 69
58 64 67
59 64 67
60 64 67
61 64 68
62 64 69
63 64 73
94 64 70
72 66 59
122 66 34
68 67 34
69 67 74
72 67 25
98 67 57
103 67 54
122 67 11
67 68 80
72 68 56
122 68 31
5 69 11
67 69 19
77 69 7
94 69 8
98 69 22
103 69 21
110 70 60
122 70 6
12 71 86
122 71 67
7 72 79
66 72 78
67 72 91
68 72 82
78 72 37
81 72 55
96 72 50
102 72 87
103 72 92
106 72 99
112 72 85
122 72 52
2 73 48
3 73 58
4 73 38
5 73 66
6 73 64
9 73 56
10 73 59
11 73 61
12 73 56
13 73 57
14 73 51
16 73 57
17 73 56
18 73 56
19 73 57
20 73 56
21 73 60
22 73 56
23 73 63
27 73 66
29 73 52
30 73 41
31 73 52
34 73 58
35 73 60
36 73 56
39 73 59
40 73 60
41 73 57
49 73 57
51 73 56
52 73 57
54 73 48
55 73 46
57 73 51
62 73 57
63 73 61
64 73 41
79 73 63
88 73 54
94 73 58
122 73 30
78 74 62
81 74 77
103 77 86
2 78 68
5 78 82
6 78 81
10 78 77
11 78 78
13 78 75
17 78 75
18 78 75
20 78 74
21 78 78
22 78 75
23 78 80
32 78 63
33 78 64
34 78 76
35 78 77
36 78 75
37 78 74
38 78 70
39 78 77
40 78 78
42 78 57
43 78 65
44 78 58
45 78 54
46 78 54
48 78 51
49 78 75
51 78 74
52 78 75
53 78 58
54 78 68
55 78 66
56 78 71
57 78 71
58 78 73
59 78 73
60 78 73
61 78 75
62 78 75
63 78 79
65 78 67
71 78 43
72 78 74
74 78 32
75 78 60
81 78 53
122 78 50
2 79 44
3 79 54
4 79 35
5 79 63
6 79 61
9 79 52
10 79 55
11 79 57
12 79 52
13 79 53
14 79 48
15 79 34
16 79 53
17 79 53
18 79 52
19 79 53
20 79 52
21 79 56
22 79 53
23 79 59
27 79 63
28 79 44
29 79 48
31 79 48
32 79 39
33 79 39
34 79 54
35 79 56
36 79 52
37 79 52
38 79 47
39 79 55
40 79 57
41 79 53
49 79 53
51 79 52
52 79 53
54 79 44
55 79 42
56 79 48
57 79 47
58 79 50
59 79 51
60 79 50
61 79 52
62 79 53
63 79 58
73 79 49
88 79 50
94 79 54
97 79 30
9 80 70
10 80 72
11 80 74
17 80 70
19 80 71
23 80 76
40 80 74
49 80 71
50 80 67
51 80 70
52 80 71
62 80 71
63 80 74
76 80 47
77 80 70
79 80 76
81 80 47
87 80 55
89 80 54
90 80 37
92 80 58
93 80 47
97 80 47
101 80 68
108 80 57
122 80 44
3 81 60
5 81 69
6 81 66
8 81 66
9 81 59
10 81 61
11 81 63
12 81 59
13 81 59
16 81 59
17 81 59
18 81 58
19 81 59
20 81 58
21 81 62
22 81 59
23 81 65
25 81 44
27 81 69
31 81 54
32 81 45
33 81 46
34 81 60
35 81 62
36 81 58
37 81 58
38 81 53
39 81 61
40 81 63
41 81 59
42 81 39
43 81 48
44 81 40
45 81 36
46 81 36
47 81 34
48 81 34
49 81 60
50 81 55
51 81 58
52 81 59
53 81 40
54 81 50
55 81 48
56 81 54
57 81 53
58 81 57
59 81 57
60 81 57
61 81 58
62 81 59
63 81 64
71 81 27
72 81 58
73 81 56
74 81 18
75 81 42
76 81 34
77 81 58
78 81 21
79 81 66
80 81 37
93 81 35
94 81 60
108 81 45
121 81 46
122 81 32
72 82 4
122 82 1
6 83 18
9 83 14
18 83 14
27 83 20
30 83 8
49 83 14
54 83 10
61 83 14
73 83 12
79 83 18
81 83 6
84 83 25
116 83 7
122 83 5
3 84 30
5 84 38
21 84 32
27 84 38
63 84 33
69 84 76
73 84 26
79 84 35
81 84 13
121 84 20
122 84 12
2 85 11
3 85 16
5 85 21
6 85 19
9 85 15
10 85 16
11 85 17
12 85 15
13 85 15
14 85 12
15 85 7
16 85 15
17 85 15
18 85 15
19 85 15
20 85 14
21 85 17
22 85 15
23 85 19
24 85 10
25 85 9
26 85 11
27 85 21
28 85 11
29 85 13
31 85 13
32 85 9
33 85 9
34 85 16
35 85 16
36 85 15
37 85 14
38 85 12
39 85 16
40 85 17
41 85 15
42 85 7
43 85 10
44 85 7
45 85 6
46 85 6
47 85 6
48 85 6
49 85 15
50 85 13
51 85 14
52 85 15
53 85 8
54 85 11
56 85 13
58 85 14
59 85 14
60 85 14
61 85 15
63 85 17
64 85 9
71 85 4
73 85 13
78 85 3
79 85 19
81 85 6
88 85 14
89 85 8
108 85 9
121 85 9
122 85 5
5 86 68
6 86 66
10 86 61
11 86 63
12 86 58
13 86 59
14 86 53
16 86 59
17 86 58
18 86 58
19 86 59
20 86 58
21 86 62
22 86 58
23 86 65
24 86 47
26 86 49
27 86 68
28 86 50
29 86 54
30 86 43
31 86 54
32 86 45
33 86 45
34 86 60
35 86 62
36 86 58
37 86 58
38 86 53
39 86 61
40 86 62
41 86 59
42 86 38
43 86 47
44 86 39
45 86 35
46 86 35
47 86 34
48 86 33
49 86 59
50 86 55
51 86 58
52 86 59
53 86 40
56 86 54
57 86 53
58 86 56
59 86 56
60 86 56
61 86 58
62 86 59
63 86 63
78 86 20
81 86 35
94 86 60
122 86 32
80 87 63
92 87 71
122 87 58
2 88 46
3 88 56
5 88 64
6 88 62
10 88 57
11 88 59
12 88 54
13 88 55
14 88 49
15 88 35
16 88 54
17 88 54
18 88 54
19 88 55
20 88 53
21 88 58
22 88 54
23 88 61
25 88 39
26 88 45
27 88 64
28 88 45
29 88 50
31 88 50
34 88 56
35 88 57
36 88 54
38 88 49
39 88 57
40 88 58
41 88 55
49 88 55
51 88 53
52 88 54
54 88 45
55 88 44
56 88 50
57 88 49
62 88 55
63 88 59
73 88 51
79 88 61
94 88 56
108 88 40
122 88 28
2 89 43
3 89 53
4 89 34
5 89 62
6 89 59
9 89 51
10 89 54
11 89 56
12 89 51
13 89 52
14 89 46
16 89 51
17 89 51
18 89 51
19 89 52
20 89 51
21 89 55
22 89 51
23 89 58
24 89 40
25 89 37
26 89 42
27 89 62
28 89 43
29 89 47
31 89 47
34 89 53
35 89 54
36 89 51
37 89 51
38 89 46
39 89 54
40 89 55
41 89 52
42 89 32
43 89 40
44 89 33
45 89 29
46 89 29
47 89 28
48 89 27
49 89 52
50 89 47
51 89 50
52 89 52
53 89 33
54 89 42
55 89 41
57 89 46
58 89 49
59 89 49
60 89 49
61 89 51
62 89 52
63 89 56
64 89 37
77 89 51
79 89 58
80 89 30
93 89 29
94 89 53
97 89 29
108 89 37
122 89 26
77 90 78
80 90 59
122 90 54
72 91 14
106 91 78
122 91 5
80 92 46
87 92 52
122 92 41
2 93 44
3 93 55
4 93 35
5 93 63
6 93 61
9 93 53
10 93 55
11 93 58
12 93 53
13 93 54
14 93 48
16 93 53
17 93 53
18 93 53
20 93 52
21 93 57
22 93 53
23 93 60
24 93 42
25 93 38
27 93 63
28 93 44
29 93 49
31 93 48
34 93 55
35 93 56
36 93 53
37 93 52
38 93 47
39 93 55
40 93 57
41 93 54
42 93 33
44 93 34
45 93 30
46 93 31
47 93 29
48 93 29
49 93 54
50 93 49
51 93 52
52 93 53
53 93 35
54 93 44
55 93 43
56 93 48
57 93 48
58 93 51
59 93 51
60 93 51
61 93 53
62 93 54
63 93 58
73 93 50
79 93 60
80 93 32
81 93 30
88 93 51
89 93 36
94 93 54
97 93 30
108 93 39
122 93 28
2 94 24
3 94 32
5 94 41
9 94 31
10 94 33
11 94 35
12 94 31
13 94 32
14 94 27
16 94 31
17 94 31
18 94 31
19 94 32
20 94 30
22 94 31
23 94 37
24 94 22
25 94 20
26 94 24
27 94 41
28 94 24
30 94 20
31 94 27
32 94 21
34 94 32
35 94 34
36 94 31
37 94 31
38 94 26
39 94 33
40 94 35
41 94 32
43 94 22
50 94 28
51 94 30
52 94 31
54 94 24
55 94 23
56 94 27
58 94 29
59 94 29
62 94 31
63 94 36
64 94 20
73 94 28
79 94 38
81 94 15
84 94 48
88 94 29
89 94 18
122 94 13
72 95 11
106 95 73
110 95 52
122 95 4
72 96 81
122 96 59
2 97 58
3 97 68
4 97 49
5 97 75
6 97 73
9 97 66
10 97 69
11 97 71
16 97 67
18 97 66
20 97 66
21 97 70
23 97 72
27 97 75
34 97 68
35 97 69
39 97 69
40 97 70
49 97 67
56 97 62
63 97 71
77 97 66
79 97 73
80 97 45
89 97 50
93 97 43
122 97 40
17 98 19
41 98 19
67 98 41
69 98 64
79 98 23
103 98 44
122 98 7
73 99 6
100 99 5
107 99 4
109 99 4
122 99 2
4 100 2
5 100 5
6 100 4
7 100 4
9 100 3
15 100 1
24 100 2
29 100 3
32 100 2
33 100 2
38 100 2
50 100 3
66 100 3
68 100 4
72 100 3
76 100 1
83 100 2
92 100 2
99 100 4
122 100 1
80 101 54
122 101 49
72 102 35
110 102 82
122 102 16
67 103 48
69 103 71
72 103 23
77 103 23
98 103 53
122 103 9
87 104 3
101 104 5
114 104 4
122 104 2
5 105 6
9 105 4
28 105 3
71 105 1
75 105 2
87 105 2
101 105 3
104 105 1
107 105 2
109 105 2
114 105 2
118 105 3
122 105 1
65 106 3
72 106 4
95 106 13
110 106 25
122 106 1
9 107 7
24 107 4
37 107 6
50 107 6
69 107 36
72 107 6
75 107 4
99 107 9
122 107 2
3 108 57
5 108 65
9 108 55
10 108 58
11 108 60
12 108 55
13 108 56
14 108 50
16 108 55
17 108 55
18 108 55
19 108 56
20 108 54
21 108 59
22 108 55
23 108 62
24 108 44
25 108 40
27 108 65
29 108 51
31 108 50
34 108 57
35 108 58
36 108 55
37 108 55
38 108 49
39 108 58
40 108 59
41 108 56
49 108 56
50 108 51
51 108 54
52 108 55
53 108 37
54 108 46
55 108 45
56 108 51
57 108 50
58 108 53
59 108 53
60 108 53
61 108 55
62 108 56
63 108 60
65 108 45
71 108 24
73 108 52
77 108 55
79 108 62
80 108 34
81 108 32
88 108 53
89 108 38
93 108 32
94 108 56
122 108 29
6 109 11
9 109 8
107 109 5
122 109 3
70 110 27
72 110 8
102 110 16
106 110 66
122 110 3
5 111 4
6 111 3
7 111 3
9 111 3
15 111 1
16 111 3
29 111 2
32 111 1
33 111 1
41 111 3
49 111 3
51 111 2
55 111 2
57 111 2
75 111 1
76 111 1
77 111 2
92 111 2
97 111 1
99 111 3
100 111 2
101 111 2
122 111 1
69 112 91
72 112 55
122 112 30
6 113 13
16 113 10
27 113 14
31 113 8
41 113 10
50 113 8
68 113 13
69 113 46
72 113 9
73 113 9
77 113 10
79 113 13
94 113 10
103 113 27
112 113 16
122 113 4
87 114 3
101 114 5
104 114 2
109 114 4
122 114 2
118 115 2
119 115 3
122 115 1
5 116 20
6 116 19
9 116 14
14 116 12
18 116 14
20 116 14
26 116 10
27 116 20
28 116 11
33 116 9
34 116 15
35 116 16
40 116 17
43 116 10
49 116 15
50 116 13
51 116 14
52 116 15
54 116 11
55 116 10
57 116 12
61 116 14
62 116 15
63 116 17
64 116 8
73 116 13
79 116 18
81 116 6
98 116 38
100 116 10
122 116 5
5 117 21
6 117 19
9 117 15
11 117 17
12 117 15
21 117 17
23 117 18
24 117 10
25 117 9
26 117 11
27 117 21
28 117 11
31 117 13
32 117 9
33 117 9
35 117 16
37 117 14
43 117 10
49 117 15
50 117 13
51 117 14
53 117 7
63 117 17
73 117 13
78 117 3
79 117 19
81 117 6
88 117 14
94 117 15
108 117 9
121 117 9
122 117 5
119 118 28
122 118 11
118 119 15
122 119 8
5 120 13
6 120 12
9 120 9
11 120 10
12 120 9
13 120 9
14 120 7
16 120 9
17 120 9
18 120 9
19 120 9
21 120 10
22 120 9
23 120 11
25 120 5
26 120 6
27 120 13
31 120 7
32 120 5
33 120 5
34 120 9
35 120 10
37 120 9
39 120 10
40 120 10
41 120 9
42 120 4
43 120 6
44 120 4
45 120 4
46 120 4
47 120 3
48 120 3
49 120 9
50 120 8
59 120 8
61 120 9
62 120 9
64 120 5
77 120 9
78 120 2
79 120 11
80 120 4
81 120 4
92 120 5
101 120 8
108 120 5
116 120 4
121 120 6
122 120 3
2 121 9
3 121 13
4 121 6
5 121 18
6 121 16
9 121 12
10 121 13
11 121 14
12 121 12
13 121 12
14 121 10
15 121 6
16 121 12
18 121 12
19 121 12
20 121 12
21 121 14
22 121 12
23 121 15
24 121 8
25 121 7
26 121 9
27 121 18
28 121 9
29 121 10
30 121 7
31 121 10
34 121 13
35 121 14
36 121 12
38 121 10
39 121 13
40 121 14
41 121 13
42 121 6
43 121 8
44 121 6
45 121 5
46 121 5
47 121 5
48 121 5
49 121 13
50 121 11
51 121 12
52 121 12
53 121 6
54 121 9
55 121 8
56 121 10
57 121 10
58 121 11
59 121 11
60 121 11
61 121 12
62 121 12
63 121 15
64 121 7
71 121 3
73 121 11
78 121 2
79 121 16
80 121 5
81 121 5
84 121 22
85 121 6
88 121 11
89 121 7
93 121 5
94 121 13
97 121 5
108 121 7
117 121 6
120 121 6
122 121 4
1 122 72
2 122 67
3 122 75
4 122 58
5 122 81
6 122 80
7 122 77
8 122 80
9 122 74
10 122 76
11 122 78
12 122 74
13 122 74
14 122 70
15 122 57
16 122 74
17 122 74
18 122 74
19 122 74
20 122 73
21 122 77
22 122 74
23 122 79
24 122 65
25 122 61
26 122 66
27 122 81
28 122 67
29 122 70
30 122 61
31 122 70
32 122 62
33 122 63
34 122 75
35 122 76
36 122 74
37 122 74
38 122 69
39 122 76
40 122 77
41 122 75
42 122 56
43 122 64
44 122 57
45 122 52
46 122 53
47 122 51
48 122 50
49 122 75
50 122 71
51 122 73
52 122 74
53 122 57
54 122 67
55 122 65
56 122 70
57 122 70
58 122 72
59 122 72
60 122 72
61 122 74
62 122 74
63 122 78
64 122 61
65 122 66
66 122 76
67 122 90
68 122 80
69 122 96
70 122 92
71 122 42
72 122 73
73 122 71
74 122 31
75 122 59
76 122 51
77 122 74
78 122 34
79 122 79
80 122 54
81 122 52
