3 1 37
9 1 47
10 1 55
11 1 54
12 1 59
13 1 43
15 1 52
23 1 27
24 1 42
30 1 32
31 1 77
32 1 66
35 1 57
36 1 45
38 1 96
39 1 25
40 1 34
42 1 54
43 1 61
48 1 54
50 1 31
53 1 27
54 1 48
55 1 32
58 1 33
59 1 69
60 1 47
61 1 24
63 1 37
69 1 67
72 1 53
73 1 26
77 1 53
78 1 49
79 1 56
81 1 41
85 1 52
87 1 46
90 1 34
91 1 47
98 1 42
99 1 37
100 1 21
4 2 47
9 2 47
11 2 54
12 2 59
14 2 50
15 2 52
27 2 42
30 2 32
32 2 66
35 2 57
36 2 45
38 2 96
42 2 54
43 2 61
48 2 54
50 2 31
60 2 47
62 2 50
63 2 37
64 2 41
71 2 26
73 2 26
74 2 38
77 2 53
78 2 49
79 2 56
84 2 39
86 2 60
87 2 46
89 2 46
91 2 48
92 2 50
96 2 52
100 2 21
1 3 41
10 3 62
11 3 61
12 3 66
14 3 57
15 3 59
17 3 51
23 3 33
24 3 49
25 3 47
32 3 71
35 3 63
36 3 52
37 3 38
38 3 97
42 3 61
43 3 67
46 3 38
48 3 60
54 3 55
60 3 54
67 3 67
69 3 72
70 3 45
74 3 44
78 3 56
83 3 53
84 3 45
85 3 58
86 3 66
91 3 54
93 3 37
94 3 52
96 3 59
100 3 26
10 4 65
13 4 53
17 4 54
26 4 44
30 4 42
32 4 74
38 4 97
60 4 58
62 4 60
73 4 35
75 4 89
77 4 63
81 4 51
86 4 69
87 4 57
89 4 57
95 4 45
100 4 29
8 5 22
15 5 11
16 5 10
32 5 19
38 5 72
45 5 16
55 5 5
59 5 21
79 5 13
100 5 3
9 6 68
10 6 75
17 6 65
25 6 62
32 6 82
38 6 98
42 6 74
54 6 69
67 6 78
74 6 59
84 6 60
87 6 68
88 6 65
94 6 66
96 6 72
100 6 39
1 7 17
6 7 12
9 7 26
10 7 32
11 7 32
12 7 36
15 7 30
23 7 13
24 7 22
25 7 21
30 7 16
32 7 43
35 7 34
38 7 89
40 7 17
42 7 32
48 7 31
51 7 7
54 7 27
56 7 12
60 7 26
62 7 28
63 7 18
67 7 37
68 7 26
73 7 12
74 7 19
76 7 16
77 7 31
79 7 34
80 7 7
81 7 21
84 7 20
86 7 37
87 7 25
91 7 26
92 7 28
93 7 15
96 7 30
99 7 18
100 7 10
5 8 30
16 8 11
32 8 20
38 8 74
45 8 18
55 8 6
59 8 23
79 8 15
100 8 3
1 9 58
2 9 66
11 9 76
12 9 80
13 9 67
15 9 74
23 9 50
30 9 56
31 9 90
32 9 84
35 9 78
36 9 68
38 9 98
40 9 58
42 9 76
43 9 81
48 9 76
50 9 54
54 9 72
55 9 56
58 9 57
68 9 71
69 9 84
77 9 75
78 9 72
84 9 63
85 9 74
91 9 71
100 9 42
3 10 39
9 10 48
11 10 55
12 10 60
15 10 53
18 10 28
19 10 62
24 10 44
25 10 42
27 10 44
28 10 36
30 10 33
31 10 78
32 10 67
35 10 58
36 10 46
38 10 96
40 10 35
42 10 55
47 10 31
48 10 55
50 10 32
54 10 49
55 10 33
60 10 48
62 10 51
64 10 42
65 10 34
68 10 48
69 10 68
70 10 39
74 10 39
77 10 54
79 10 57
82 10 31
85 10 53
86 10 61
87 10 48
88 10 44
89 10 47
91 10 49
92 10 51
93 10 32
94 10 46
96 10 53
98 10 44
100 10 22
1 11 42
2 11 50
9 11 55
10 11 63
12 11 67
13 11 51
15 11 60
23 11 34
24 11 50
27 11 50
28 11 42
30 11 39
31 11 82
32 11 72
34 11 45
35 11 64
36 11 53
38 11 97
40 11 42
42 11 62
43 11 68
50 11 38
53 11 33
55 11 39
59 11 76
60 11 55
63 11 44
65 11 40
69 11 73
75 11 88
77 11 61
78 11 57
79 11 64
81 11 49
82 11 37
85 11 59
86 11 67
87 11 54
90 11 41
91 11 55
98 11 50
99 11 44
100 11 27
1 12 22
2 12 28
3 12 24
9 12 32
10 12 39
11 12 39
13 12 28
14 12 35
15 12 36
23 12 17
24 12 28
25 12 27
27 12 28
30 12 20
31 12 64
32 12 50
36 12 30
38 12 92
39 12 15
40 12 22
42 12 39
43 12 45
45 12 46
48 12 38
50 12 19
53 12 16
55 12 20
58 12 21
60 12 32
63 12 23
69 12 52
73 12 16
74 12 24
77 12 38
79 12 41
81 12 27
82 12 19
85 12 36
87 12 32
89 12 31
90 12 22
91 12 32
100 12 13
1 13 27
2 13 34
9 13 38
10 13 46
11 13 45
12 13 51
15 13 43
23 13 21
24 13 34
28 13 27
30 13 25
31 13 70
32 13 57
35 13 48
36 13 36
38 13 94
40 13 27
42 13 45
43 13 52
45 13 53
48 13 45
50 13 24
59 13 61
63 13 29
70 13 30
74 13 30
75 13 78
77 13 44
78 13 40
79 13 47
81 13 33
84 13 31
85 13 43
87 13 38
88 13 35
90 13 27
91 13 39
92 13 41
98 13 34
100 13 16
3 14 24
9 14 32
13 14 28
15 14 36
17 14 29
24 14 28
25 14 27
27 14 28
32 14 50
35 14 41
38 14 92
42 14 38
47 14 19
48 14 38
49 14 36
54 14 33
56 14 16
57 14 18
62 14 34
63 14 23
64 14 27
67 14 44
73 14 16
74 14 24
75 14 73
77 14 38
78 14 34
84 14 25
86 14 44
87 14 31
88 14 29
89 14 31
92 14 35
96 14 36
100 14 12
1 15 46
2 15 54
3 15 49
9 15 59
10 15 66
11 15 66
12 15 70
16 15 60
23 15 38
24 15 54
25 15 53
27 15 54
28 15 46
30 15 43
31 15 84
32 15 76
35 15 68
36 15 57
38 15 97
42 15 66
43 15 72
48 15 65
50 15 42
55 15 43
59 15 79
63 15 48
69 15 76
74 15 49
77 15 65
78 15 61
79 15 68
85 15 63
86 15 71
91 15 59
93 15 42
98 15 54
99 15 48
100 15 30
11 16 59
15 16 57
23 16 31
32 16 70
38 16 96
43 16 66
45 16 66
48 16 58
53 16 31
59 16 73
64 16 46
72 16 58
79 16 61
83 16 51
85 16 56
99 16 41
100 16 25
2 17 43
3 17 38
12 17 60
13 17 43
14 17 51
18 17 28
19 17 62
30 17 33
36 17 45
38 17 96
39 17 25
40 17 35
42 17 55
43 17 62
54 17 49
56 17 26
58 17 34
62 17 50
64 17 41
67 17 61
68 17 48
70 17 38
75 17 84
77 17 54
78 17 50
86 17 60
87 17 47
89 17 47
92 17 51
96 17 53
100 17 22
10 18 59
38 18 96
44 18 26
46 18 35
76 18 36
84 18 43
92 18 54
94 18 49
100 18 24
10 19 55
17 19 44
27 19 42
30 19 32
32 19 65
57 19 29
62 19 49
64 19 40
65 19 32
68 19 47
73 19 26
74 19 37
75 19 83
77 19 53
84 19 38
86 19 59
88 19 43
89 19 46
100 19 21
10 20 63
11 20 62
15 20 60
35 20 65
54 20 57
75 20 88
89 20 55
100 20 27
6 21 20
7 21 27
10 21 46
17 21 35
25 21 32
32 21 57
37 21 24
38 21 94
43 21 52
47 21 23
53 21 20
54 21 39
58 21 26
87 21 38
92 21 41
100 21 16
29 22 54
32 22 84
35 22 78
44 22 45
46 22 56
51 22 34
68 22 71
76 22 57
84 22 63
94 22 69
100 22 42
1 23 29
3 23 32
9 23 41
10 23 49
11 23 48
12 23 53
15 23 46
16 23 42
24 23 37
25 23 35
31 23 72
32 23 60
35 23 51
36 23 39
38 23 94
39 23 21
40 23 29
42 23 48
43 23 55
48 23 48
50 23 26
55 23 27
59 23 64
63 23 31
69 23 61
70 23 32
73 23 22
77 23 47
79 23 50
80 23 12
81 23 35
85 23 46
90 23 29
91 23 41
94 23 39
99 23 31
100 23 17
1 24 30
3 24 33
7 24 30
9 24 42
10 24 50
11 24 49
12 24 55
13 24 38
15 24 47
27 24 38
28 24 30
30 24 28
31 24 73
32 24 61
35 24 52
36 24 40
38 24 95
40 24 30
42 24 49
43 24 56
46 24 28
50 24 27
59 24 65
60 24 42
62 24 45
63 24 32
64 24 36
65 24 28
68 24 42
69 24 62
75 24 81
77 24 48
78 24 44
79 24 51
82 24 26
84 24 34
85 24 47
87 24 42
88 24 38
89 24 41
91 24 43
92 24 45
93 24 27
94 24 40
100 24 18
1 25 35
3 25 38
6 25 27
7 25 35
9 25 48
10 25 56
11 25 55
12 25 60
14 25 51
15 25 53
16 25 49
23 25 28
24 25 43
27 25 43
28 25 35
30 25 33
31 25 77
32 25 66
35 25 58
36 25 46
37 25 32
38 25 96
39 25 26
40 25 35
42 25 55
43 25 62
45 25 63
46 25 33
47 25 31
48 25 55
53 25 28
54 25 49
55 25 33
63 25 38
69 25 68
72 25 54
74 25 39
77 25 54
78 25 50
79 25 57
82 25 31
83 25 47
84 25 40
85 25 53
86 25 61
87 25 47
90 25 35
91 25 49
93 25 31
94 25 46
99 25 38
100 25 22
4 26 55
13 26 51
38 26 97
60 26 55
75 26 88
89 26 54
95 26 43
100 26 27
2 27 49
9 27 54
10 27 62
11 27 61
12 27 66
15 27 59
19 27 67
24 27 49
25 27 48
30 27 38
32 27 72
36 27 52
38 27 97
40 27 41
54 27 55
60 27 54
64 27 48
65 27 39
67 27 67
68 27 54
69 27 73
73 27 32
74 27 44
77 27 60
78 27 56
82 27 36
85 27 59
86 27 66
87 27 53
88 27 50
89 27 53
92 27 57
98 27 49
100 27 26
9 28 51
10 28 59
11 28 59
13 28 47
15 28 56
24 28 47
25 28 45
31 28 80
32 28 70
38 28 96
40 28 39
42 28 59
47 28 34
48 28 58
54 28 53
55 28 36
60 28 52
63 28 41
69 28 71
70 28 42
72 28 58
78 28 54
79 28 61
85 28 56
89 28 51
90 28 38
91 28 52
93 28 35
99 28 41
100 28 24
22 29 15
32 29 59
38 29 94
39 29 20
44 29 18
46 29 26
51 29 12
68 29 40
74 29 31
76 29 26
83 29 39
84 29 32
94 29 37
100 29 17
2 30 33
3 30 29
9 30 38
10 30 46
11 30 45
12 30 50
13 30 34
14 30 41
15 30 43
19 30 52
24 30 34
27 30 34
31 30 70
32 30 57
35 30 48
36 30 36
38 30 94
42 30 45
45 30 53
50 30 24
59 30 61
60 30 38
62 30 40
63 30 28
64 30 32
68 30 38
69 30 58
74 30 29
77 30 44
78 30 40
79 30 47
81 30 32
82 30 23
85 30 42
87 30 38
91 30 38
92 30 41
98 30 34
100 30 16
1 31 34
9 31 47
10 31 55
11 31 54
12 31 59
15 31 52
23 31 27
24 31 42
25 31 41
28 31 34
30 31 32
32 31 65
35 31 57
36 31 45
38 31 95
40 31 34
42 31 54
43 31 61
45 31 62
48 31 53
50 31 31
54 31 48
58 31 33
60 31 47
63 31 36
67 31 60
69 31 66
71 31 26
73 31 26
74 31 37
77 31 53
78 31 49
79 31 56
81 31 41
85 31 51
86 31 59
87 31 46
89 31 46
90 31 34
91 31 47
92 31 50
93 31 30
96 31 52
99 31 36
100 31 21
1 32 32
3 32 35
6 32 24
7 32 32
9 32 44
10 32 53
11 32 52
12 32 57
13 32 40
14 32 48
15 32 49
16 32 45
19 32 59
22 32 17
23 32 25
24 32 40
25 32 38
27 32 40
28 32 32
30 32 30
31 32 75
34 32 35
35 32 54
36 32 42
37 32 29
38 32 95
39 32 23
40 32 32
42 32 52
43 32 59
44 32 21
45 32 59
46 32 30
47 32 28
48 32 51
50 32 29
53 32 25
54 32 46
55 32 30
58 32 31
59 32 67
60 32 45
61 32 22
62 32 47
63 32 34
64 32 38
66 32 10
67 32 58
68 32 45
69 32 64
70 32 36
71 32 24
72 32 51
73 32 24
74 32 35
76 32 30
77 32 51
78 32 47
79 32 54
81 32 39
82 32 28
84 32 36
85 32 49
86 32 57
87 32 44
88 32 41
89 32 44
90 32 32
91 32 45
92 32 48
93 32 29
94 32 42
96 32 50
98 32 40
99 32 34
100 32 20
3 33 20
6 33 13
9 33 27
10 33 34
11 33 33
12 33 38
14 33 30
15 33 31
24 33 24
27 33 24
32 33 45
35 33 36
38 33 90
41 33 2
46 33 16
48 33 33
49 33 31
50 33 16
52 33 2
53 33 13
54 33 28
56 33 13
57 33 15
58 33 17
60 33 28
62 33 29
63 33 20
64 33 23
67 33 39
68 33 27
69 33 46
70 33 20
73 33 13
74 33 20
75 33 68
77 33 32
78 33 29
81 33 23
82 33 15
84 33 21
86 33 38
87 33 27
89 33 27
90 33 18
91 33 28
92 33 30
94 33 25
96 33 31
100 33 10
11 34 59
19 34 66
24 34 47
30 34 36
32 34 70
38 34 96
59 34 73
64 34 46
74 34 42
82 34 34
85 34 57
88 34 48
89 34 51
92 34 55
98 34 47
100 34 25
1 35 43
2 35 51
3 35 47
7 35 43
9 35 56
10 35 64
11 35 63
12 35 68
15 35 61
24 35 52
25 35 50
30 35 41
31 35 83
32 35 73
38 35 97
40 35 43
42 35 63
43 35 70
48 35 63
50 35 39
54 35 58
55 35 41
60 35 57
63 35 46
68 35 57
69 35 74
71 35 34
73 35 34
77 35 62
78 35 59
79 35 65
82 35 39
83 35 56
86 35 68
87 35 56
91 35 57
92 35 60
94 35 54
96 35 61
98 35 52
100 35 28
1 36 48
2 36 56
9 36 61
10 36 69
11 36 68
12 36 72
15 36 66
23 36 40
24 36 57
27 36 57
31 36 85
32 36 77
38 36 97
40 36 48
42 36 68
43 36 74
50 36 44
53 36 39
55 36 46
59 36 80
60 36 62
63 36 51
64 36 55
67 36 73
68 36 62
69 36 78
72 36 67
77 36 67
78 36 63
81 36 55
85 36 66
86 36 73
91 36 62
99 36 51
100 36 32
3 37 50
8 37 80
10 37 67
21 37 28
25 37 53
32 37 76
38 37 97
46 37 43
54 37 61
58 37 45
70 37 50
76 37 44
79 37 68
83 37 59
84 37 51
87 37 59
91 37 60
92 37 62
94 37 57
96 37 64
99 37 49
100 37 31
1 38 33
3 38 37
9 38 46
10 38 54
11 38 53
12 38 58
14 38 49
15 38 51
19 38 60
23 38 27
24 38 41
25 38 40
27 38 41
28 38 34
30 38 31
31 38 76
32 38 65
34 38 37
35 38 56
36 38 44
37 38 31
39 38 24
40 38 33
42 38 53
43 38 60
45 38 61
46 38 31
48 38 53
50 38 30
55 38 31
59 38 68
60 38 46
62 38 49
63 38 36
64 38 40
65 38 32
68 38 46
69 38 66
71 38 26
72 38 52
74 38 37
77 38 52
78 38 48
79 38 55
82 38 29
85 38 51
86 38 59
87 38 45
89 38 45
90 38 33
91 38 47
92 38 49
94 38 44
98 38 41
99 38 36
100 38 21
1 39 38
9 39 51
10 39 59
11 39 58
12 39 63
15 39 56
23 39 31
24 39 47
29 39 33
30 39 36
32 39 69
35 39 61
36 39 49
38 39 96
40 39 38
42 39 58
48 39 58
50 39 35
55 39 36
58 39 37
60 39 52
63 39 41
68 39 51
70 39 42
77 39 57
78 39 53
79 39 60
82 39 34
84 39 43
85 39 56
86 39 64
87 39 51
90 39 38
91 39 52
92 39 54
100 39 24
1 40 48
9 40 61
10 40 68
11 40 67
12 40 72
13 40 57
15 40 65
24 40 56
27 40 56
28 40 48
31 40 85
32 40 77
35 40 70
36 40 59
38 40 97
42 40 67
43 40 73
48 40 67
50 40 44
59 40 80
63 40 50
71 40 38
77 40 67
78 40 63
79 40 69
82 40 43
85 40 65
86 40 72
88 40 57
89 40 60
90 40 48
91 40 61
100 40 32
9 41 14
10 41 19
11 41 18
12 41 22
33 41 1
35 41 20
38 41 80
42 41 18
47 41 8
48 41 18
52 41 1
57 41 7
60 41 15
74 41 10
75 41 50
77 41 18
84 41 11
96 41 17
100 41 5
1 42 34
3 42 38
7 42 34
9 42 47
10 42 55
11 42 54
12 42 59
13 42 43
14 42 50
15 42 52
17 42 44
23 42 27
24 42 42
25 42 41
27 42 43
28 42 35
30 42 32
31 42 77
32 42 66
35 42 57
36 42 45
38 42 96
39 42 25
40 42 34
43 42 61
45 42 62
46 42 32
47 42 30
48 42 54
50 42 31
53 42 27
54 42 48
55 42 32
59 42 69
60 42 47
63 42 37
67 42 60
69 42 67
70 42 38
73 42 26
74 42 38
78 42 49
79 42 56
81 42 41
84 42 39
85 42 52
86 42 60
87 42 47
89 42 46
90 42 34
91 42 48
92 42 50
96 42 52
100 42 21
1 43 38
2 43 46
3 43 42
9 43 51
11 43 58
12 43 63
14 43 55
15 43 56
16 43 52
23 43 31
24 43 47
25 43 45
31 43 80
32 43 69
35 43 61
36 43 49
38 43 96
40 43 38
42 43 58
45 43 66
48 43 58
50 43 35
54 43 53
58 43 37
59 43 73
60 43 52
63 43 41
66 43 13
68 43 51
69 43 70
77 43 57
78 43 54
79 43 60
82 43 34
83 43 51
85 43 56
87 43 51
89 43 51
90 43 38
91 43 52
93 43 34
98 43 47
100 43 24
8 44 56
15 44 36
18 44 16
22 44 11
25 44 26
29 44 18
31 44 63
32 44 50
35 44 41
38 44 92
42 44 38
46 44 20
51 44 9
58 44 21
61 44 14
68 44 32
70 44 24
76 44 20
83 44 31
84 44 25
89 44 31
92 44 35
94 44 30
96 44 36
100 44 12
11 45 69
16 45 63
31 45 86
32 45 78
38 45 98
43 45 75
53 45 41
59 45 81
63 45 52
66 45 19
72 45 68
78 45 65
79 45 71
85 45 67
90 45 50
98 45 58
100 45 34
10 46 50
15 46 47
18 46 23
22 46 16
25 46 36
29 46 26
32 46 61
37 46 27
38 46 95
42 46 49
44 46 20
47 46 26
51 46 13
54 46 43
68 46 42
76 46 28
84 46 34
91 46 42
94 46 40
100 46 18
2 47 69
25 47 68
27 47 69
28 47 62
32 47 85
38 47 98
42 47 78
53 47 53
54 47 74
69 47 86
84 47 66
87 47 73
92 47 76
94 47 71
96 47 77
100 47 45
1 48 20
3 48 23
4 48 30
7 48 20
9 48 30
10 48 38
11 48 37
12 48 42
13 48 27
14 48 33
15 48 35
16 48 31
19 48 43
23 48 16
24 48 27
25 48 25
27 48 27
28 48 21
30 48 19
31 48 62
32 48 48
35 48 39
36 48 28
38 48 91
39 48 14
40 48 20
42 48 37
43 48 44
45 48 44
46 48 19
47 48 18
50 48 18
53 48 15
54 48 32
55 48 19
56 48 15
58 48 20
59 48 53
61 48 13
63 48 22
67 48 43
68 48 31
69 48 50
70 48 23
71 48 15
72 48 36
73 48 15
74 48 23
75 48 72
76 48 19
77 48 36
78 48 32
79 48 39
80 48 8
81 48 25
82 48 18
83 48 30
84 48 24
85 48 34
86 48 42
87 48 30
89 48 30
90 48 20
91 48 31
92 48 33
96 48 35
99 48 22
100 48 12
14 49 59
32 49 73
38 49 97
42 49 63
53 49 34
56 49 33
62 49 59
64 49 50
73 49 34
75 49 88
77 49 62
86 49 68
100 49 28
1 50 30
2 50 38
9 50 42
10 50 51
11 50 50
12 50 55
13 50 39
15 50 48
23 50 24
24 50 38
25 50 37
30 50 28
31 50 74
32 50 62
35 50 52
36 50 40
38 50 95
39 50 22
40 50 31
42 50 50
43 50 57
48 50 49
58 50 29
59 50 66
60 50 43
63 50 33
69 50 63
70 50 34
77 50 49
78 50 45
81 50 37
85 50 47
87 50 42
90 50 30
91 50 43
94 50 40
98 50 38
100 50 18
22 51 21
29 51 33
38 51 96
44 51 26
46 51 35
68 51 51
76 51 36
84 51 42
92 51 54
94 51 48
100 51 24
10 52 19
12 52 22
33 52 1
35 52 20
38 52 81
41 52 1
57 52 8
94 52 14
100 52 5
1 53 47
9 53 60
10 53 67
11 53 67
12 53 71
15 53 65
16 53 61
25 53 54
32 53 76
36 53 58
38 53 97
40 53 47
42 53 67
43 53 73
45 53 73
47 53 42
48 53 66
49 53 64
55 53 44
59 53 79
63 53 49
69 53 77
70 53 51
72 53 66
77 53 66
78 53 62
79 53 69
85 53 64
86 53 71
90 53 47
91 53 60
100 53 31
3 54 48
9 54 57
10 54 65
14 54 60
17 54 54
22 54 26
28 54 44
31 54 83
32 54 74
35 54 66
37 54 41
38 54 97
42 54 64
43 54 70
47 54 39
48 54 64
67 54 70
68 54 57
76 54 42
84 54 49
86 54 69
87 54 57
94 54 55
96 54 62
100 54 29
3 55 37
9 55 46
10 55 54
11 55 53
12 55 59
15 55 51
16 55 47
23 55 27
24 55 42
25 55 40
28 55 34
32 55 65
35 55 56
36 55 44
38 55 95
40 55 34
42 55 53
47 55 30
48 55 53
53 55 26
59 55 69
68 55 46
69 55 66
74 55 37
79 55 56
83 55 46
84 55 38
91 55 47
93 55 30
96 55 51
99 55 36
100 55 21
10 56 64
13 56 52
14 56 59
17 56 53
32 56 73
35 56 65
38 56 97
42 56 63
49 56 60
64 56 50
74 56 47
75 56 88
88 56 52
89 56 56
100 56 28
2 57 51
3 57 46
9 57 55
10 57 63
11 57 63
14 57 59
15 57 61
19 57 69
24 57 51
30 57 40
36 57 53
38 57 97
42 57 63
62 57 58
68 57 56
69 57 74
77 57 62
78 57 58
82 57 38
86 57 68
88 57 52
89 57 55
92 57 59
96 57 61
100 57 28
1 58 41
2 58 49
9 58 54
10 58 62
11 58 61
12 58 66
14 58 58
15 58 59
17 58 52
24 58 50
31 58 82
32 58 72
35 58 64
36 58 52
37 58 38
38 58 97
39 58 31
40 58 41
42 58 62
43 58 68
48 58 61
50 58 38
59 58 75
60 58 55
62 58 57
63 58 44
68 58 55
77 58 61
78 58 57
84 58 46
85 58 59
86 58 67
89 58 54
90 58 41
91 58 55
92 58 58
100 58 27
15 59 59
16 59 55
32 59 72
38 59 97
43 59 68
45 59 68
53 59 33
70 59 45
79 59 63
85 59 59
99 59 44
100 59 26
1 60 27
2 60 34
3 60 30
4 60 39
9 60 39
10 60 47
11 60 46
12 60 51
13 60 35
15 60 44
16 60 40
24 60 35
25 60 33
27 60 35
28 60 28
30 60 25
31 60 70
32 60 58
35 60 49
36 60 37
38 60 94
39 60 19
40 60 27
42 60 46
43 60 53
50 60 24
55 60 25
59 60 62
63 60 29
68 60 39
69 60 59
70 60 31
74 60 30
75 60 79
77 60 45
78 60 41
79 60 48
80 60 12
81 60 33
83 60 38
84 60 31
85 60 44
86 60 52
87 60 39
89 60 38
90 60 27
91 60 40
92 60 42
95 60 28
98 60 35
99 60 29
100 60 16
1 61 59
11 61 77
12 61 80
15 61 75
32 61 84
36 61 69
38 61 98
40 61 59
42 61 77
48 61 76
58 61 58
63 61 62
77 61 76
78 61 73
84 61 64
85 61 75
91 61 72
100 61 43
10 62 59
19 62 65
32 62 69
38 62 96
49 62 55
57 62 33
64 62 45
74 62 42
75 62 86
77 62 57
89 62 51
92 62 54
100 62 24
1 63 37
2 63 45
9 63 50
10 63 58
11 63 57
12 63 63
15 63 55
24 63 46
27 63 46
28 63 38
30 63 35
31 63 79
32 63 68
35 63 60
36 63 48
38 63 96
40 63 37
42 63 57
43 63 64
45 63 65
50 63 34
60 63 51
66 63 13
69 63 69
77 63 56
78 63 53
79 63 60
85 63 55
90 63 37
91 63 51
99 63 40
100 63 23
10 64 69
11 64 68
12 64 73
15 64 66
16 64 63
24 64 57
27 64 57
32 64 78
38 64 97
42 64 68
62 64 64
65 64 47
69 64 79
77 64 68
79 64 70
82 64 44
86 64 73
87 64 61
88 64 58
92 64 65
94 64 60
98 64 57
100 64 33
10 65 85
11 65 84
24 65 77
27 65 77
38 65 99
70 65 73
77 65 84
79 65 85
88 65 77
100 65 55
10 66 65
11 66 64
32 66 74
38 66 97
43 66 70
45 66 71
55 66 42
59 66 77
63 66 46
79 66 66
90 66 44
100 66 29
3 67 61
7 67 58
14 67 73
27 67 66
32 67 83
38 67 98
42 67 76
47 67 53
54 67 71
70 67 62
86 67 79
96 67 74
100 67 41
9 68 47
10 68 56
11 68 55
19 68 61
22 68 19
24 68 43
27 68 43
30 68 32
32 68 66
35 68 57
36 68 45
38 68 96
39 68 25
43 68 61
46 68 32
54 68 49
57 68 30
62 68 50
69 68 67
70 68 38
74 68 38
76 68 33
77 68 54
78 68 50
79 68 57
84 68 39
87 68 47
89 68 47
92 68 51
94 68 45
100 68 22
1 69 45
3 69 48
9 69 58
10 69 66
11 69 65
12 69 70
15 69 63
23 69 37
24 69 53
25 69 52
27 69 54
28 69 45
30 69 42
31 69 84
32 69 75
35 69 67
36 69 56
38 69 97
42 69 65
43 69 71
50 69 41
53 69 36
55 69 43
60 69 58
63 69 47
64 69 52
68 69 58
74 69 48
79 69 67
82 69 40
85 69 63
86 69 70
89 69 57
91 69 59
93 69 41
98 69 54
99 69 47
100 69 30
3 70 61
6 70 48
10 70 76
11 70 76
15 70 74
24 70 66
32 70 83
37 70 55
38 70 98
42 70 76
45 70 81
59 70 86
60 70 70
65 70 56
68 70 70
74 70 61
77 70 75
82 70 53
86 70 80
92 70 73
100 70 41
2 71 58
9 71 63
11 71 69
15 71 67
24 71 58
31 71 86
32 71 78
35 71 71
38 71 98
40 71 50
42 71 69
60 71 63
68 71 63
74 71 53
75 71 91
77 71 68
81 71 57
84 71 55
87 71 62
91 71 63
92 71 66
96 71 67
100 71 34
1 72 29
3 72 32
4 72 41
9 72 41
10 72 49
12 72 53
16 72 42
24 72 37
27 72 37
31 72 72
32 72 60
35 72 51
36 72 39
38 72 94
42 72 48
45 72 56
48 72 47
49 72 45
53 72 22
54 72 42
63 72 31
64 72 35
69 72 61
73 72 22
74 72 32
75 72 80
78 72 43
85 72 46
87 72 40
88 72 37
89 72 40
91 72 41
100 72 17
1 73 40
2 73 49
3 73 44
4 73 53
6 73 32
9 73 53
10 73 61
11 73 61
12 73 66
13 73 49
15 73 58
23 73 33
24 73 49
27 73 49
31 73 81
32 73 71
35 73 63
38 73 97
39 73 30
40 73 41
42 73 61
48 73 60
49 73 58
57 73 35
58 73 39
63 73 43
64 73 47
69 73 72
72 73 60
74 73 44
75 73 87
77 73 60
78 73 56
79 73 63
85 73 58
86 73 66
89 73 53
91 73 54
92 73 57
100 73 26
2 74 70
9 74 74
10 74 80
11 74 79
12 74 83
15 74 78
27 74 70
31 74 91
32 74 86
38 74 99
40 74 63
42 74 79
48 74 79
58 74 61
68 74 74
69 74 87
70 74 66
77 74 79
78 74 76
86 74 83
87 74 74
89 74 74
90 74 63
92 74 77
100 74 47
4 75 50
17 75 48
24 75 46
32 75 69
38 75 96
42 75 58
48 75 57
49 75 55
56 75 29
60 75 51
62 75 53
64 75 44
72 75 57
73 75 29
77 75 57
80 75 17
81 75 44
86 75 63
88 75 47
89 75 50
92 75 54
98 75 46
100 75 24
18 76 19
22 76 13
29 76 21
32 76 55
35 76 46
37 76 23
38 76 93
39 76 18
44 76 16
46 76 23
48 76 43
51 76 11
54 76 38
68 76 36
83 76 36
84 76 29
92 76 39
94 76 34
96 76 41
100 76 15
2 77 59
9 77 63
10 77 71
11 77 70
12 77 74
15 77 68
19 77 76
24 77 59
25 77 58
27 77 59
30 77 48
31 77 87
32 77 79
35 77 72
36 77 62
38 77 98
40 77 51
42 77 70
43 77 76
48 77 70
60 77 64
62 77 66
63 77 53
64 77 58
65 77 49
68 77 64
69 77 80
71 77 41
74 77 54
78 77 66
79 77 72
82 77 46
85 77 68
86 77 75
87 77 63
89 77 63
91 77 64
92 77 67
100 77 35
1 78 44
2 78 52
9 78 57
11 78 64
13 78 53
15 78 62
24 78 53
25 78 51
27 78 53
28 78 45
31 78 83
32 78 74
35 78 67
36 78 55
38 78 97
40 78 44
42 78 64
43 78 70
45 78 71
48 78 64
50 78 40
53 78 36
60 78 58
63 78 47
67 78 70
74 78 48
77 78 63
81 78 51
85 78 62
86 78 69
87 78 57
89 78 57
90 78 44
91 78 58
94 78 55
100 78 29
15 79 59
16 79 55
28 79 42
31 79 82
32 79 72
38 79 97
42 79 61
43 79 68
45 79 68
53 79 33
59 79 75
60 79 55
65 79 39
69 79 73
82 79 37
83 79 54
85 79 59
86 79 67
89 79 54
90 79 41
98 79 50
100 79 27
2 80 33
3 80 29
10 80 45
11 80 44
12 80 50
13 80 34
15 80 42
23 80 20
24 80 33
30 80 24
31 80 69
32 80 56
34 80 29
35 80 47
38 80 93
40 80 26
48 80 44
49 80 41
50 80 23
58 80 25
59 80 60
60 80 38
62 80 40
63 80 28
75 80 78
78 80 40
79 80 47
81 80 32
84 80 30
87 80 37
90 80 26
92 80 41
94 80 35
96 80 42
100 80 15
1 81 41
9 81 54
10 81 62
11 81 61
12 81 66
13 81 50
23 81 33
24 81 49
30 81 38
31 81 81
32 81 71
36 81 52
38 81 97
39 81 31
40 81 41
42 81 61
48 81 60
50 81 37
55 81 38
60 81 54
63 81 43
69 81 72
71 81 32
74 81 44
75 81 87
78 81 56
79 81 63
85 81 58
86 81 66
87 81 53
89 81 53
90 81 41
91 81 54
96 81 59
100 81 26
3 82 58
10 82 74
11 82 73
12 82 77
15 82 72
27 82 63
32 82 82
35 82 75
38 82 98
63 82 57
64 82 62
69 82 82
70 82 59
79 82 75
83 82 67
85 82 71
86 82 78
88 82 64
90 82 55
92 82 70
100 82 39
37 83 53
38 83 98
43 83 79
79 83 76
84 83 61
92 83 71
94 83 67
100 83 40
3 84 46
18 84 34
22 84 25
25 84 49
37 84 39
38 84 97
42 84 62
44 84 30
46 84 39
51 84 21
54 84 57
60 84 56
68 84 55
76 84 40
94 84 53
96 84 60
100 84 27
1 85 39
9 85 52
10 85 60
11 85 59
12 85 64
15 85 57
16 85 53
31 85 80
32 85 70
38 85 96
43 85 66
45 85 66
53 85 31
55 85 37
58 85 37
59 85 73
60 85 52
63 85 41
69 85 71
78 85 54
79 85 61
81 85 46
83 85 51
90 85 39
91 85 52
93 85 35
100 85 25
2 86 46
3 86 41
10 86 59
11 86 58
13 86 46
14 86 54
15 86 56
17 86 48
18 86 30
19 86 64
24 86 46
25 86 44
27 86 46
31 86 79
32 86 69
35 86 60
36 86 48
38 86 96
42 86 58
48 86 57
49 86 55
54 86 52
57 86 33
58 86 36
60 86 51
62 86 53
64 86 44
67 86 64
68 86 51
69 86 70
70 86 41
74 86 41
75 86 86
77 86 57
78 86 53
79 86 60
81 86 45
82 86 33
85 86 55
87 86 50
89 86 50
91 86 51
92 86 54
93 86 34
94 86 48
96 86 56
98 86 46
99 86 40
100 86 24
1 87 29
2 87 36
4 87 40
6 87 22
7 87 29
9 87 40
10 87 49
11 87 48
12 87 53
13 87 37
15 87 46
17 87 38
24 87 36
25 87 35
27 87 36
30 87 27
31 87 72
32 87 60
35 87 50
36 87 39
37 87 26
38 87 94
39 87 21
40 87 29
42 87 48
43 87 55
48 87 47
50 87 26
54 87 42
55 87 27
59 87 64
60 87 41
64 87 35
67 87 54
68 87 41
69 87 61
71 87 22
72 87 47
74 87 32
77 87 47
78 87 43
79 87 50
80 87 12
81 87 35
82 87 25
84 87 33
85 87 45
86 87 53
88 87 37
89 87 40
92 87 44
97 87 13
98 87 36
100 87 17
6 88 45
10 88 74
11 88 73
13 88 63
24 88 63
32 88 82
34 88 58
35 88 75
36 88 65
38 88 98
40 88 55
55 88 52
64 88 62
65 88 53
69 88 82
74 88 58
75 88 92
79 88 75
82 88 50
83 88 67
87 88 67
91 88 68
98 88 63
100 88 38
2 89 53
10 89 66
11 89 65
12 89 69
15 89 63
19 89 71
24 89 53
27 89 53
28 89 45
31 89 84
32 89 75
38 89 97
40 89 45
42 89 65
43 89 71
45 89 71
58 89 43
60 89 58
68 89 58
69 89 76
74 89 48
75 89 89
77 89 64
78 89 60
79 89 67
81 89 52
86 89 70
87 89 57
90 89 45
91 89 58
92 89 61
100 89 29
11 90 71
28 90 53
31 90 87
32 90 80
38 90 98
43 90 77
45 90 77
53 90 44
59 90 83
60 90 66
63 90 55
74 90 56
79 90 73
81 90 59
85 90 69
91 90 66
100 90 36
1 91 25
2 91 32
3 91 28
9 91 36
11 91 43
12 91 48
13 91 32
15 91 41
16 91 37
23 91 19
24 91 32
25 91 30
27 91 32
28 91 25
30 91 23
31 91 68
32 91 55
35 91 45
36 91 34
37 91 23
38 91 93
39 91 18
40 91 25
42 91 43
43 91 50
46 91 23
47 91 22
48 91 42
50 91 22
53 91 19
59 91 59
60 91 36
63 91 27
69 91 56
70 91 28
74 91 28
75 91 76
77 91 42
78 91 38
79 91 45
80 91 10
81 91 31
84 91 29
85 91 40
86 91 48
89 91 35
90 91 25
92 91 39
98 91 32
100 91 15
2 92 53
10 92 65
11 92 65
18 92 37
27 92 53
30 92 42
31 92 84
32 92 75
35 92 67
37 92 42
38 92 97
40 92 45
42 92 65
63 92 47
68 92 58
69 92 76
70 92 49
71 92 36
74 92 48
84 92 49
87 92 57
89 92 57
94 92 56
100 92 29
3 93 50
10 93 67
11 93 67
15 93 65
24 93 55
31 93 85
32 93 76
38 93 97
43 93 73
55 93 44
69 93 77
79 93 68
84 93 52
86 93 71
99 93 49
100 93 31
9 94 38
10 94 46
18 94 21
22 94 14
25 94 33
29 94 23
32 94 57
35 94 48
37 94 24
38 94 94
44 94 17
46 94 25
47 94 23
50 94 24
51 94 12
54 94 40
67 94 52
68 94 39
75 94 78
76 94 25
78 94 41
83 94 38
84 94 31
86 94 51
92 94 41
96 94 43
99 94 29
100 94 16
4 95 36
9 95 36
19 95 50
23 95 19
26 95 25
32 95 55
35 95 46
38 95 93
58 95 24
60 95 36
63 95 27
64 95 31
68 95 36
73 95 18
74 95 28
75 95 77
77 95 42
78 95 38
81 95 31
86 95 49
87 95 36
89 95 36
92 95 39
100 95 15
14 96 70
31 96 89
32 96 82
37 96 52
38 96 98
47 96 50
54 96 69
67 96 78
84 96 60
86 96 78
94 96 65
99 96 58
100 96 39
2 97 37
4 97 41
11 97 49
14 97 45
17 97 39
19 97 56
25 97 35
27 97 37
32 97 60
35 97 51
38 97 94
42 97 49
43 97 56
48 97 48
60 97 42
62 97 44
64 97 36
72 97 48
73 97 22
75 97 80
81 97 36
87 97 41
89 97 41
100 97 18
10 98 61
11 98 60
13 98 48
15 98 58
27 98 48
32 98 70
35 98 62
38 98 96
43 98 66
45 98 67
60 98 53
64 98 46
69 98 71
75 98 87
79 98 62
86 98 65
87 98 52
88 98 49
91 98 53
99 98 42
100 98 25
9 99 66
11 99 73
12 99 77
15 99 71
25 99 61
28 99 54
31 99 88
32 99 81
35 99 75
36 99 65
38 99 98
40 99 54
42 99 73
43 99 78
47 99 49
50 99 50
55 99 52
59 99 84
63 99 57
69 99 82
70 99 58
74 99 58
83 99 66
84 99 59
85 99 71
86 99 77
93 99 50
96 99 71
98 99 62
100 99 38
