5 1 76
23 1 75
27 1 86
11 2 36
5 3 61
7 3 68
14 3 43
33 3 51
1 5 37
3 5 43
7 5 60
23 5 50
27 5 68
30 5 66
34 5 59
39 5 47
50 5 50
53 5 57
3 7 31
5 7 40
15 7 9
25 7 18
26 7 45
27 7 57
30 7 53
33 7 31
34 7 46
39 7 35
43 7 45
47 7 44
49 7 47
50 7 38
51 7 17
53 7 44
55 7 22
19 8 78
30 8 60
2 11 65
30 12 76
47 12 68
47 13 59
3 14 50
7 15 90
20 18 34
5 19 13
8 19 13
35 19 15
41 19 12
49 19 17
18 20 50
37 21 36
36 22 56
1 23 36
5 23 51
27 23 67
30 23 64
33 23 41
43 23 56
49 23 58
7 25 75
27 25 81
27 26 75
30 26 73
34 26 67
51 26 33
1 27 15
2 27 18
5 27 25
7 27 31
11 27 12
23 27 23
25 27 10
26 27 29
28 27 9
30 27 36
34 27 30
35 27 27
39 27 21
46 27 13
47 27 28
49 27 31
50 27 23
56 27 12
27 28 83
34 28 77
49 28 77
26 29 74
30 29 80
34 29 75
43 29 74
47 29 73
5 30 29
7 30 36
8 30 29
12 30 16
23 30 28
26 30 34
27 30 45
29 30 19
31 30 21
34 30 35
37 30 34
38 30 7
39 30 25
43 30 34
45 30 12
46 30 16
47 30 33
49 30 36
53 30 33
56 30 15
5 31 60
16 31 47
23 31 58
30 31 72
34 31 66
49 31 67
43 32 66
49 32 68
53 32 65
3 33 38
7 33 55
23 33 45
27 33 64
34 33 54
43 33 52
47 33 51
50 33 45
55 33 27
5 34 35
7 34 42
23 34 33
24 34 41
26 34 40
27 34 52
29 34 24
30 34 48
33 34 26
39 34 30
43 34 40
44 34 17
46 34 21
47 34 39
50 34 33
53 34 39
55 34 19
56 34 19
60 34 38
53 35 56
22 36 66
29 37 48
47 37 65
49 37 69
30 38 88
5 39 57
7 39 64
27 39 73
30 39 70
43 39 62
41 40 70
19 41 75
40 41 29
5 43 36
7 43 43
23 43 34
26 43 41
29 43 24
30 43 49
32 43 21
33 43 27
34 43 42
39 43 31
47 43 40
49 43 43
50 43 34
52 43 41
53 43 40
29 44 63
34 44 79
47 44 77
49 44 80
50 44 73
51 44 48
30 45 85
44 45 55
47 45 80
27 46 76
30 46 74
34 46 68
53 46 66
7 47 49
12 47 24
13 47 29
27 47 58
29 47 29
30 47 55
33 47 32
34 47 48
37 47 46
43 47 46
44 47 20
45 47 18
49 47 48
50 47 39
51 47 18
52 47 46
53 47 45
60 47 44
44 48 28
45 48 25
47 48 55
49 48 59
50 48 49
51 48 25
1 49 23
7 49 43
19 49 69
23 49 34
26 49 41
27 49 52
28 49 15
30 49 49
32 49 21
37 49 40
43 49 41
44 49 17
47 49 39
48 49 32
50 49 34
51 49 15
52 49 41
56 49 19
5 50 43
7 50 50
26 50 48
27 50 60
33 50 33
34 50 49
43 50 48
44 50 22
47 50 47
49 50 50
51 50 19
53 50 47
7 51 78
26 51 76
44 51 49
47 51 75
48 51 68
49 51 78
50 51 70
29 52 58
5 53 38
7 53 45
30 53 51
32 53 23
34 53 44
43 53 43
46 53 22
47 53 41
50 53 36
52 53 43
26 54 70
47 55 68
58 55 22
7 56 67
27 56 75
30 56 72
34 56 66
49 56 67
59 56 12
55 58 67
61 58 46
56 59 85
47 60 71
58 61 46
21 62 50
37 62 47
1 63 68
2 63 73
3 63 73
4 63 39
5 63 80
6 63 79
7 63 84
8 63 80
9 63 32
10 63 75
11 63 63
12 63 65
13 63 70
14 63 66
15 63 38
16 63 70
17 63 77
18 63 89
19 63 94
20 63 86
21 63 85
22 63 53
23 63 79
24 63 84
25 63 57
26 63 83
27 63 89
28 63 56
29 63 70
30 63 87
31 63 71
32 63 66
33 63 73
34 63 84
35 63 82
36 63 46
37 63 83
38 63 41
39 63 76
40 63 69
41 63 78
42 63 75
43 63 83
44 63 60
45 63 56
46 63 66
47 63 82
48 63 77
49 63 84
50 63 79
51 63 56
52 63 83
53 63 83
54 63 57
55 63 63
56 63 63
57 63 62
58 63 37
59 63 27
60 63 82
61 63 42
62 63 80
