5 3 81
22 3 83
29 3 82
3 4 64
5 4 70
7 4 70
8 4 75
14 4 70
17 4 68
21 4 64
22 4 73
24 4 69
25 4 67
29 4 72
30 4 74
3 5 60
4 5 63
7 5 65
8 5 72
9 5 61
11 5 64
13 5 61
14 5 66
15 5 65
17 5 64
18 5 64
19 5 63
20 5 62
21 5 59
22 5 69
23 5 63
24 5 64
25 5 63
26 5 65
27 5 53
28 5 67
29 5 68
30 5 70
31 5 70
32 5 66
3 7 64
4 7 66
5 7 70
8 7 75
9 7 65
14 7 70
15 7 68
17 7 68
18 7 68
20 7 66
21 7 63
22 7 72
23 7 67
24 7 68
26 7 69
28 7 70
29 7 71
30 7 73
31 7 73
3 8 62
4 8 65
5 8 68
7 8 67
13 8 63
17 8 66
18 8 66
20 8 64
22 8 71
24 8 66
26 8 67
28 8 69
29 8 70
30 8 72
31 8 72
3 9 67
4 9 70
5 9 73
7 9 72
8 9 77
13 9 68
14 9 73
15 9 71
17 9 71
18 9 71
20 9 69
22 9 75
23 9 70
24 9 71
25 9 69
26 9 72
28 9 73
29 9 74
30 9 76
31 9 76
7 10 84
24 10 84
5 11 72
8 11 77
9 11 68
13 11 68
15 11 71
17 11 70
19 11 69
20 11 69
22 11 75
24 11 70
26 11 71
28 11 73
29 11 73
30 11 76
31 11 75
3 13 64
5 13 70
7 13 69
8 13 75
9 13 65
11 13 68
15 13 69
17 13 68
20 13 66
22 13 72
23 13 67
24 13 68
25 13 66
26 13 69
28 13 71
29 13 71
30 13 74
31 13 73
4 14 66
5 14 69
7 14 68
8 14 74
15 14 68
17 14 67
18 14 67
19 14 66
20 14 65
21 14 62
22 14 72
24 14 67
26 14 68
28 14 70
29 14 71
30 14 73
31 14 73
4 15 62
5 15 66
7 15 65
8 15 71
9 15 61
11 15 64
13 15 61
14 15 66
17 15 63
18 15 64
19 15 62
20 15 62
21 15 59
22 15 68
23 15 63
24 15 64
25 15 62
26 15 65
27 15 53
28 15 67
29 15 67
30 15 70
31 15 69
32 15 66
8 16 84
9 16 77
13 16 77
15 16 80
20 16 78
30 16 83
3 17 61
4 17 64
5 17 68
7 17 67
8 17 73
9 17 63
11 17 66
14 17 68
15 17 66
18 17 66
20 17 64
21 17 61
22 17 70
23 17 65
24 17 66
25 17 64
26 17 67
27 17 55
28 17 68
29 17 69
30 17 72
31 17 71
32 17 68
3 18 63
5 18 70
7 18 69
8 18 75
13 18 65
14 18 70
15 18 68
17 18 67
21 18 63
22 18 72
24 18 68
26 18 69
28 18 70
29 18 71
30 18 73
31 18 73
5 19 68
8 19 73
11 19 66
14 19 68
15 19 67
17 19 66
22 19 70
25 19 64
28 19 69
29 19 69
30 19 72
31 19 71
3 20 63
5 20 70
7 20 69
8 20 75
9 20 65
10 20 48
11 20 68
13 20 65
14 20 70
16 20 57
17 20 68
18 20 68
21 20 63
22 20 72
23 20 67
24 20 68
25 20 66
26 20 69
27 20 57
28 20 70
29 20 71
30 20 73
31 20 73
33 20 64
4 21 69
5 21 72
7 21 71
8 21 77
14 21 72
15 21 71
17 21 70
18 21 70
20 21 68
22 21 74
23 21 69
24 21 70
26 21 71
28 21 73
29 21 73
30 21 75
31 21 75
3 22 54
4 22 57
5 22 61
7 22 60
8 22 67
9 22 56
11 22 59
13 22 55
14 22 61
15 22 59
16 22 47
17 22 58
18 22 59
19 22 57
20 22 56
21 22 53
23 22 58
24 22 59
25 22 57
26 22 60
27 22 48
28 22 62
29 22 62
30 22 65
31 22 64
32 22 61
5 23 70
7 23 69
8 23 75
9 23 65
11 23 67
13 23 65
14 23 70
15 23 68
17 23 67
18 23 67
20 23 66
21 23 63
22 23 72
24 23 68
26 23 68
27 23 57
28 23 70
29 23 71
30 23 73
31 23 73
3 24 62
4 24 65
5 24 68
7 24 67
8 24 73
9 24 63
10 24 46
11 24 66
13 24 63
14 24 68
15 24 67
17 24 66
18 24 66
20 24 64
21 24 61
22 24 71
23 24 65
25 24 64
26 24 67
28 24 69
29 24 69
30 24 72
31 24 71
33 24 62
3 25 65
4 25 68
5 25 71
8 25 76
9 25 67
13 25 67
17 25 69
22 25 74
24 25 69
27 25 59
29 25 72
30 25 75
31 25 74
3 26 61
5 26 67
7 26 66
8 26 72
9 26 62
13 26 62
14 26 67
15 26 66
17 26 65
18 26 65
20 26 63
21 26 60
22 26 70
23 26 64
24 26 65
28 26 68
29 26 68
30 26 71
31 26 71
5 27 85
8 27 88
20 27 82
22 27 86
3 28 62
5 28 69
7 28 68
8 28 74
9 28 64
13 28 64
15 28 67
17 28 66
18 28 66
20 28 65
21 28 62
22 28 71
23 28 66
24 28 67
26 28 67
29 28 70
30 28 72
31 28 72
3 29 59
4 29 62
5 29 65
7 29 64
8 29 70
9 29 60
13 29 60
14 29 65
15 29 64
16 29 51
17 29 63
18 29 63
19 29 62
20 29 61
21 29 58
22 29 68
23 29 62
24 29 63
25 29 61
26 29 64
28 29 66
30 29 69
31 29 69
32 29 65
33 29 59
3 30 54
4 30 57
5 30 60
7 30 59
8 30 66
9 30 55
11 30 58
13 30 55
14 30 60
15 30 59
16 30 46
17 30 58
18 30 58
19 30 57
20 30 56
21 30 53
22 30 63
23 30 57
24 30 58
25 30 56
26 30 59
27 30 47
28 30 61
29 30 62
31 30 64
3 31 57
5 31 63
8 31 69
9 31 58
11 31 61
13 31 58
14 31 63
15 31 62
17 31 61
18 31 61
19 31 60
20 31 59
22 31 66
23 31 60
24 31 61
25 31 60
26 31 62
27 31 50
28 31 64
29 31 65
30 31 68
32 31 63
33 31 57
3 32 42
4 32 45
5 32 49
7 32 47
8 32 55
9 32 43
11 32 46
13 32 43
14 32 49
17 32 46
18 32 46
19 32 45
20 32 44
23 32 45
24 32 46
25 32 45
26 32 47
28 32 49
31 32 52
57 32 24
3 33 54
4 33 57
7 33 59
8 33 66
9 33 55
11 33 58
14 33 60
17 33 58
20 33 56
22 33 63
23 33 57
24 33 58
26 33 59
28 33 61
29 33 62
31 33 64
57 33 34
2 34 42
4 34 27
6 34 32
7 34 30
8 34 36
9 34 26
11 34 29
12 34 32
13 34 26
14 34 31
15 34 29
17 34 29
18 34 29
20 34 27
22 34 33
23 34 28
24 34 29
25 34 27
26 34 30
28 34 31
29 34 32
31 34 34
37 34 25
43 34 30
51 34 23
54 34 19
57 34 13
8 35 39
12 35 35
18 35 31
22 35 36
28 35 34
43 35 33
50 35 22
57 35 15
6 36 12
7 36 11
8 36 15
11 36 11
12 36 13
13 36 10
14 36 12
15 36 11
18 36 11
19 36 10
20 36 10
21 36 9
25 36 10
28 36 12
30 36 14
40 36 11
55 36 7
57 36 4
28 37 29
34 37 28
41 37 27
57 37 12
2 38 20
12 38 14
19 38 11
34 38 13
57 38 5
6 39 19
8 39 22
12 39 20
28 39 19
40 39 17
41 39 18
47 39 17
50 39 11
52 39 12
56 39 24
57 39 7
2 40 22
6 40 15
7 40 14
8 40 18
11 40 14
12 40 16
20 40 13
32 40 15
39 40 15
41 40 14
43 40 15
47 40 14
48 40 13
52 40 10
54 40 9
56 40 20
57 40 6
5 41 38
8 41 44
9 41 33
11 41 36
14 41 38
15 41 37
17 41 36
20 41 34
22 41 41
23 41 35
24 41 36
25 41 35
26 41 37
28 41 39
29 41 40
31 41 42
43 41 38
51 41 30
57 41 18
2 42 29
6 42 21
8 42 24
12 42 21
41 42 19
43 42 20
56 42 26
57 42 8
4 43 25
7 43 28
8 43 34
11 43 27
15 43 27
17 43 26
18 43 27
20 43 25
21 43 23
22 43 31
24 43 27
25 43 25
26 43 27
28 43 29
29 43 30
30 43 32
31 43 32
34 43 29
35 43 19
40 43 27
41 43 28
44 43 22
48 43 25
51 43 21
54 43 18
56 43 36
57 43 12
2 44 56
25 44 40
31 44 48
41 44 43
43 44 44
51 44 35
57 44 21
57 45 13
3 46 54
4 46 57
5 46 61
8 46 67
9 46 56
11 46 59
14 46 61
15 46 60
17 46 59
19 46 57
20 46 57
22 46 64
23 46 58
24 46 59
25 46 57
28 46 62
29 46 62
30 46 65
31 46 65
32 46 61
51 46 52
57 46 35
2 47 27
6 47 19
19 47 16
39 47 18
52 47 12
56 47 24
57 47 7
3 48 15
4 48 16
6 48 19
8 48 23
11 48 17
12 48 20
15 48 18
28 48 19
30 48 22
31 48 21
40 48 17
41 48 18
43 48 19
44 48 14
52 48 13
54 48 11
57 48 7
2 49 17
6 49 12
8 49 14
12 49 12
15 49 11
18 49 11
22 49 13
28 49 12
30 49 14
40 49 11
41 49 11
57 49 4
2 50 44
4 50 30
6 50 34
7 50 32
8 50 39
11 50 31
13 50 28
14 50 33
15 50 32
18 50 31
19 50 30
20 50 29
21 50 26
22 50 36
24 50 31
25 50 29
26 50 32
28 50 34
29 50 34
30 50 37
31 50 36
32 50 33
35 50 22
39 50 33
41 50 32
51 50 25
55 50 21
57 50 14
3 51 24
4 51 27
5 51 30
6 51 31
7 51 29
8 51 35
9 51 25
10 51 14
11 51 28
12 51 31
13 51 25
14 51 30
15 51 29
16 51 19
17 51 28
18 51 28
19 51 27
20 51 26
21 51 24
22 51 32
23 51 27
24 51 28
25 51 27
26 51 29
27 51 20
28 51 30
29 51 31
30 51 34
31 51 33
32 51 30
34 51 30
41 51 29
43 51 30
44 51 23
46 51 9
50 51 19
53 51 12
57 51 13
6 52 22
39 52 22
41 52 21
47 52 20
48 52 19
56 52 28
57 52 9
3 53 49
4 53 52
5 53 56
7 53 54
8 53 61
9 53 50
10 53 33
11 53 53
13 53 50
14 53 55
15 53 54
16 53 41
17 53 53
18 53 53
19 53 52
20 53 51
21 53 48
22 53 59
23 53 52
24 53 53
25 53 52
26 53 54
27 53 42
28 53 56
29 53 57
30 53 60
31 53 59
32 53 55
46 53 23
51 53 46
57 53 30
3 54 23
7 54 28
11 54 26
12 54 30
13 54 24
15 54 27
19 54 26
22 54 31
28 54 29
30 54 32
31 54 32
34 54 28
39 54 28
40 54 27
41 54 28
43 54 28
48 54 25
50 54 18
51 54 21
57 54 12
2 55 47
4 55 32
7 55 34
8 55 41
9 55 31
11 55 33
12 55 37
14 55 35
15 55 34
17 55 33
18 55 33
20 55 31
22 55 38
24 55 33
25 55 32
28 55 36
30 55 40
31 55 39
35 55 24
50 55 23
54 55 23
57 55 16
8 56 23
19 56 17
39 56 19
41 56 19
43 56 19
47 56 18
52 56 13
57 56 7
1 57 75
2 57 87
3 57 75
4 57 78
5 57 80
6 57 81
7 57 80
8 57 84
9 57 76
10 57 62
11 57 79
12 57 81
13 57 76
14 57 80
15 57 79
16 57 70
17 57 79
18 57 79
19 57 78
20 57 77
21 57 75
22 57 82
23 57 78
24 57 79
25 57 78
26 57 79
27 57 70
28 57 81
29 57 81
30 57 83
31 57 83
