5 4 76
6 4 75
7 4 73
8 4 73
9 4 74
10 4 75
11 4 75
12 4 74
13 4 74
14 4 72
15 4 76
16 4 77
17 4 77
18 4 75
19 4 74
20 4 66
21 4 79
22 4 75
23 4 76
25 4 73
26 4 76
30 4 70
42 4 76
46 4 62
47 4 70
48 4 74
95 4 60
4 5 75
6 5 76
7 5 74
8 5 74
9 5 75
10 5 76
11 5 76
12 5 75
13 5 75
14 5 73
15 5 76
16 5 78
17 5 77
18 5 76
19 5 75
20 5 67
21 5 80
22 5 76
23 5 77
25 5 74
26 5 76
42 5 76
48 5 74
51 5 76
53 5 78
4 6 74
5 6 76
7 6 73
8 6 73
9 6 74
10 6 75
11 6 75
12 6 74
13 6 75
14 6 72
15 6 76
16 6 77
17 6 77
18 6 75
19 6 74
20 6 67
21 6 79
22 6 75
23 6 77
25 6 73
26 6 76
42 6 76
47 6 71
48 6 74
53 6 77
4 7 77
5 7 79
6 7 78
8 7 76
9 7 77
10 7 78
11 7 78
12 7 77
13 7 78
14 7 75
15 7 79
16 7 80
17 7 80
18 7 78
19 7 77
20 7 70
21 7 82
22 7 78
23 7 79
25 7 77
26 7 79
42 7 79
4 8 78
5 8 79
7 8 77
9 8 78
10 8 79
11 8 79
12 8 78
13 8 78
14 8 76
15 8 79
16 8 80
17 8 80
18 8 78
19 8 78
21 8 82
22 8 79
23 8 80
25 8 77
4 9 77
5 9 78
6 9 78
7 9 76
8 9 76
10 9 78
11 9 78
12 9 77
13 9 77
14 9 75
15 9 78
16 9 79
17 9 79
18 9 78
19 9 77
20 9 70
21 9 81
22 9 78
23 9 79
25 9 76
30 9 73
42 9 78
4 10 76
5 10 78
6 10 77
7 10 75
8 10 75
9 10 76
11 10 77
12 10 76
13 10 76
14 10 74
15 10 78
16 10 79
17 10 78
18 10 77
19 10 76
20 10 69
21 10 81
22 10 77
23 10 78
25 10 75
26 10 77
30 10 72
42 10 78
48 10 76
51 10 77
53 10 79
4 11 76
5 11 78
6 11 77
7 11 75
8 11 75
9 11 76
10 11 77
12 11 76
13 11 76
14 11 74
15 11 78
16 11 79
17 11 78
18 11 77
19 11 76
21 11 81
22 11 77
23 11 78
25 11 75
42 11 78
48 11 76
4 12 77
5 12 78
6 12 78
7 12 76
8 12 76
9 12 77
10 12 78
11 12 78
13 12 77
14 12 75
15 12 78
16 12 79
17 12 79
18 12 78
19 12 77
21 12 81
22 12 78
23 12 79
25 12 76
26 12 78
42 12 78
48 12 76
4 13 76
5 13 78
6 13 77
7 13 75
8 13 75
9 13 76
10 13 77
11 13 77
12 13 76
14 13 74
15 13 77
16 13 79
17 13 78
18 13 77
19 13 76
20 13 69
21 13 81
22 13 77
23 13 78
25 13 75
26 13 77
30 13 72
42 13 77
5 14 80
6 14 79
7 14 77
8 14 77
9 14 78
10 14 79
11 14 79
12 14 78
13 14 79
15 14 80
16 14 81
17 14 81
18 14 79
19 14 78
21 14 83
22 14 79
23 14 80
25 14 78
26 14 80
42 14 80
4 15 74
5 15 76
6 15 76
7 15 73
8 15 73
9 15 74
10 15 76
11 15 76
12 15 75
13 15 75
14 15 72
16 15 77
17 15 77
18 15 75
19 15 75
20 15 67
21 15 79
22 15 76
23 15 77
25 15 74
26 15 76
30 15 70
42 15 76
48 15 74
53 15 77
4 16 72
5 16 74
6 16 73
7 16 71
8 16 71
9 16 72
10 16 73
11 16 73
12 16 72
13 16 72
14 16 70
15 16 73
17 16 74
18 16 73
19 16 72
20 16 64
21 16 77
22 16 73
23 16 74
24 16 80
25 16 71
26 16 73
30 16 67
42 16 73
46 16 59
47 16 68
48 16 71
51 16 73
53 16 75
95 16 58
4 17 73
5 17 75
6 17 74
7 17 72
8 17 71
9 17 73
10 17 74
11 17 74
12 17 73
13 17 73
14 17 71
15 17 74
16 17 76
18 17 74
19 17 73
20 17 65
21 17 78
22 17 74
23 17 75
25 17 72
26 17 74
30 17 68
42 17 74
47 17 69
48 17 72
51 17 73
53 17 76
95 17 59
4 18 76
5 18 77
6 18 77
7 18 75
8 18 75
9 18 76
10 18 77
11 18 77
12 18 76
13 18 76
14 18 74
15 18 77
16 18 78
17 18 78
19 18 76
21 18 80
22 18 77
23 18 78
25 18 75
30 18 71
42 18 77
47 18 72
48 18 75
53 18 78
4 19 76
5 19 78
6 19 77
7 19 75
8 19 75
9 19 76
10 19 77
11 19 77
12 19 76
13 19 77
14 19 74
15 19 78
16 19 79
17 19 79
18 19 77
20 19 69
21 19 81
22 19 77
23 19 79
25 19 76
26 19 78
42 19 78
51 19 77
53 19 79
4 20 78
5 20 79
6 20 79
7 20 77
8 20 77
9 20 78
10 20 79
11 20 79
12 20 78
13 20 78
14 20 76
15 20 79
16 20 80
17 20 80
18 20 79
19 20 78
21 20 82
22 20 79
23 20 80
26 20 79
42 20 79
48 20 77
53 20 80
5 21 77
6 21 76
7 21 74
8 21 74
9 21 75
10 21 76
11 21 76
12 21 75
13 21 75
14 21 73
15 21 77
16 21 78
17 21 77
18 21 76
19 21 75
22 21 76
24 21 83
4 22 73
5 22 75
6 22 74
7 22 72
8 22 72
9 22 73
10 22 74
11 22 74
12 22 73
13 22 73
14 22 71
15 22 75
16 22 76
17 22 76
18 22 74
19 22 73
20 22 65
21 22 78
23 22 75
25 22 72
26 22 74
30 22 68
42 22 75
48 22 72
51 22 74
53 22 76
2 23 70
4 23 72
5 23 74
6 23 74
7 23 71
8 23 71
9 23 72
10 23 74
11 23 74
12 23 73
13 23 73
14 23 70
15 23 74
16 23 75
17 23 75
18 23 73
19 23 72
21 23 78
22 23 74
25 23 72
26 23 74
30 23 68
42 23 74
46 23 60
47 23 69
48 23 72
51 23 73
52 23 69
53 23 75
95 23 58
21 24 71
26 24 67
48 24 65
4 25 78
5 25 80
6 25 79
7 25 77
8 25 77
9 25 78
10 25 79
11 25 79
12 25 78
13 25 78
14 25 76
15 25 79
16 25 81
17 25 80
18 25 79
19 25 78
21 25 82
22 25 79
23 25 80
26 25 79
42 25 80
48 25 78
2 26 71
4 26 73
5 26 75
6 26 74
7 26 72
9 26 73
10 26 74
11 26 74
12 26 73
13 26 74
14 26 71
15 26 75
16 26 76
17 26 76
18 26 74
19 26 73
21 26 78
22 26 74
23 26 76
24 26 81
25 26 72
30 26 69
42 26 75
48 26 73
51 26 74
53 26 76
5 28 40
16 28 42
17 28 41
29 28 45
31 28 41
33 28 38
34 28 36
36 28 35
38 28 39
39 28 31
41 28 40
44 28 36
45 28 35
52 28 34
53 28 42
60 28 45
62 28 36
63 28 37
68 28 41
70 28 31
73 28 41
76 28 35
78 28 29
79 28 35
80 28 40
87 28 29
90 28 34
95 28 25
4 29 29
5 29 31
6 29 31
16 29 33
17 29 32
20 29 22
22 29 31
25 29 29
27 29 32
28 29 29
31 29 32
32 29 24
33 29 29
34 29 27
35 29 26
36 29 27
37 29 26
38 29 30
39 29 23
40 29 21
41 29 31
44 29 28
45 29 27
47 29 26
48 29 29
51 29 30
53 29 33
54 29 28
60 29 36
62 29 28
63 29 28
65 29 20
67 29 29
68 29 32
70 29 23
73 29 32
74 29 27
76 29 27
78 29 22
79 29 26
80 29 31
84 29 22
87 29 21
88 29 26
90 29 26
91 29 16
92 29 31
95 29 18
4 30 74
5 30 76
6 30 75
9 30 74
10 30 75
11 30 75
12 30 74
13 30 75
15 30 76
16 30 77
17 30 77
18 30 75
19 30 74
21 30 79
22 30 75
23 30 77
24 30 82
26 30 76
42 30 76
47 30 71
48 30 74
51 30 75
95 30 61
24 31 66
29 31 62
32 31 49
33 31 56
34 31 53
36 31 53
41 31 58
45 31 53
60 31 63
62 31 54
67 31 55
73 31 59
87 31 45
92 31 58
95 31 40
29 32 46
31 32 42
33 32 39
36 32 37
37 32 35
60 32 46
62 32 37
67 32 38
69 32 33
74 32 36
95 32 26
3 33 26
24 33 45
29 33 41
31 33 37
34 33 32
36 33 32
38 33 35
40 33 25
41 33 36
44 33 32
45 33 32
47 33 30
53 33 38
60 33 41
62 33 32
63 33 33
67 33 33
68 33 37
69 33 28
70 33 27
73 33 37
74 33 32
76 33 32
80 33 36
95 33 22
24 34 51
27 34 44
28 34 40
29 34 47
31 34 43
33 34 40
36 34 37
39 34 33
40 34 30
41 34 42
44 34 38
45 34 37
53 34 44
60 34 47
62 34 38
63 34 39
65 34 29
67 34 39
68 34 43
69 34 34
70 34 33
73 34 43
78 34 31
80 34 42
84 34 31
87 34 31
90 34 36
95 34 26
4 35 57
5 35 60
6 35 59
10 35 59
15 35 59
16 35 61
17 35 61
18 35 59
20 35 48
21 35 64
22 35 59
23 35 61
25 35 56
26 35 59
29 35 64
39 35 49
42 35 60
47 35 53
48 35 57
52 35 54
53 35 61
55 35 50
56 35 35
67 35 57
74 35 55
79 35 54
92 35 60
95 35 42
4 36 32
16 36 36
17 36 36
21 36 39
24 36 43
25 36 32
26 36 34
28 36 32
29 36 39
31 36 35
32 36 27
33 36 33
34 36 30
39 36 26
40 36 24
41 36 34
44 36 31
45 36 30
47 36 29
48 36 32
52 36 29
54 36 31
55 36 26
67 36 32
70 36 26
73 36 35
74 36 30
76 36 30
78 36 24
80 36 34
87 36 24
90 36 29
92 36 35
93 36 16
95 36 20
4 37 39
5 37 42
6 37 41
7 37 38
8 37 38
9 37 39
10 37 41
11 37 41
12 37 40
13 37 40
15 37 42
16 37 43
17 37 43
18 37 41
19 37 40
20 37 31
21 37 46
23 37 43
24 37 51
25 37 39
29 37 47
30 37 34
31 37 43
32 37 34
35 37 35
38 37 41
39 37 32
41 37 42
42 37 42
45 37 37
47 37 35
48 37 39
53 37 43
55 37 33
56 37 20
73 37 43
90 37 36
92 37 42
95 37 26
4 38 46
5 38 48
6 38 47
9 38 46
10 38 47
11 38 47
12 38 46
15 38 48
16 38 50
17 38 49
20 38 37
23 38 49
24 38 57
25 38 45
28 38 45
29 38 53
31 38 49
33 38 46
37 38 41
40 38 36
41 38 48
42 38 48
44 38 44
46 38 32
47 38 41
48 38 45
52 38 42
55 38 39
60 38 53
67 38 45
68 38 49
74 38 43
80 38 48
90 38 42
95 38 31
21 39 42
24 39 47
27 39 39
28 39 35
29 39 42
31 39 39
34 39 33
35 39 31
36 39 33
41 39 38
45 39 33
53 39 39
60 39 43
62 39 34
63 39 35
67 39 35
69 39 30
70 39 29
73 39 39
92 39 38
95 39 23
4 40 51
5 40 54
6 40 53
10 40 53
15 40 53
16 40 55
17 40 55
19 40 51
20 40 42
21 40 58
22 40 53
23 40 54
26 40 53
28 40 51
29 40 58
31 40 55
33 40 51
34 40 49
38 40 52
41 40 53
42 40 53
44 40 49
48 40 51
49 40 24
52 40 47
53 40 55
54 40 50
62 40 49
80 40 53
90 40 47
95 40 36
24 41 44
27 41 36
29 41 40
31 41 36
33 41 33
34 41 31
36 41 31
38 41 34
39 41 26
40 41 24
44 41 31
45 41 31
51 41 34
52 41 30
55 41 27
60 41 40
62 41 31
63 41 32
67 41 32
69 41 27
70 41 26
73 41 36
74 41 31
76 41 31
78 41 25
85 41 19
92 41 35
95 41 21
4 42 73
5 42 75
6 42 74
7 42 72
8 42 72
9 42 73
10 42 74
11 42 74
12 42 73
13 42 73
14 42 71
15 42 74
16 42 76
17 42 75
18 42 74
19 42 73
20 42 65
21 42 78
22 42 74
23 42 75
25 42 72
26 42 74
48 42 72
51 42 74
53 42 76
95 42 59
4 43 74
5 43 76
6 43 75
7 43 73
8 43 73
9 43 74
10 43 75
11 43 75
12 43 74
13 43 75
14 43 72
15 43 76
16 43 77
17 43 77
18 43 75
19 43 74
20 43 67
21 43 79
22 43 75
23 43 77
25 43 73
26 43 76
42 43 76
48 43 74
51 43 75
95 43 61
4 44 43
5 44 46
6 44 45
10 44 45
15 44 46
16 44 47
17 44 47
18 44 45
19 44 44
20 44 35
21 44 50
22 44 45
23 44 47
25 44 43
26 44 46
28 44 43
29 44 51
31 44 47
33 44 44
34 44 41
36 44 41
38 44 45
40 44 34
41 44 46
42 44 46
47 44 39
48 44 43
51 44 45
53 44 47
54 44 42
55 44 37
56 44 23
62 44 42
67 44 43
73 44 47
76 44 41
80 44 45
85 44 27
87 44 34
90 44 40
92 44 46
95 44 29
5 45 30
16 45 32
17 45 31
21 45 34
22 45 30
25 45 28
27 45 32
28 45 28
29 45 35
31 45 31
32 45 24
33 45 29
34 45 27
35 45 25
36 45 26
39 45 22
41 45 30
42 45 30
51 45 29
52 45 25
53 45 32
55 45 23
57 45 20
60 45 35
62 45 27
63 45 28
67 45 28
68 45 31
70 45 22
73 45 31
74 45 26
76 45 26
79 45 26
84 45 21
86 45 16
90 45 25
92 45 31
95 45 18
4 46 74
5 46 76
6 46 75
7 46 73
8 46 73
9 46 74
10 46 75
11 46 75
12 46 74
13 46 74
15 46 76
16 46 77
18 46 75
19 46 74
20 46 66
21 46 79
22 46 75
23 46 76
25 46 73
26 46 75
30 46 70
42 46 76
47 46 70
48 46 73
51 46 75
53 46 77
95 46 60
4 47 71
5 47 73
6 47 72
7 47 70
8 47 70
9 47 71
10 47 72
11 47 72
12 47 71
13 47 72
15 47 73
16 47 74
17 47 74
18 47 72
19 47 71
20 47 63
21 47 76
22 47 72
23 47 74
24 47 80
25 47 70
26 47 73
30 47 66
42 47 73
46 47 58
48 47 71
51 47 72
52 47 68
53 47 74
95 47 57
4 48 72
5 48 74
6 48 73
7 48 71
8 48 71
9 48 72
10 48 73
11 48 73
12 48 72
13 48 72
14 48 70
15 48 74
16 48 75
17 48 75
18 48 73
19 48 72
20 48 64
21 48 77
22 48 73
23 48 74
24 48 80
25 48 71
26 48 73
30 48 67
42 48 74
46 48 59
47 48 68
51 48 73
53 48 75
95 48 58
4 49 72
5 49 74
6 49 73
9 49 72
10 49 73
11 49 73
12 49 72
15 49 74
16 49 75
17 49 75
18 49 73
19 49 72
21 49 77
22 49 73
23 49 74
24 49 80
26 49 73
42 49 74
47 49 68
48 49 71
51 49 73
55 49 66
95 49 58
4 50 72
5 50 74
6 50 73
8 50 70
9 50 72
10 50 73
11 50 73
13 50 72
14 50 70
15 50 73
16 50 75
17 50 74
18 50 73
19 50 72
20 50 64
21 50 77
22 50 73
23 50 74
24 50 80
25 50 71
26 50 73
30 50 67
42 50 73
46 50 59
47 50 68
48 50 71
49 50 44
51 50 73
52 50 68
53 50 75
54 50 71
55 50 65
56 50 50
95 50 58
7 51 61
8 51 61
9 51 62
10 51 64
11 51 64
12 51 62
13 51 63
14 51 60
15 51 64
17 51 65
18 51 63
19 51 62
20 51 53
21 51 68
23 51 65
24 51 72
25 51 61
26 51 64
30 51 57
42 51 64
47 51 58
53 51 66
95 51 47
4 52 70
5 52 72
6 52 71
7 52 69
8 52 69
9 52 70
10 52 72
11 52 72
12 52 70
13 52 71
14 52 68
15 52 72
16 52 73
17 52 73
18 52 71
19 52 70
20 52 62
21 52 76
22 52 71
23 52 73
24 52 79
25 52 69
26 52 72
38 52 71
41 52 72
42 52 72
46 52 57
47 52 66
48 52 70
49 52 42
50 52 42
51 52 71
53 52 73
54 52 69
55 52 64
56 52 48
95 52 56
3 53 60
4 53 69
5 53 71
6 53 70
7 53 68
9 53 69
10 53 70
11 53 70
12 53 69
13 53 69
15 53 71
16 53 72
17 53 72
18 53 70
19 53 69
20 53 61
21 53 75
22 53 70
23 53 72
25 53 68
26 53 71
35 53 65
42 53 71
46 53 56
47 53 65
48 53 68
51 53 70
52 53 66
56 53 47
95 53 54
4 54 68
5 54 70
6 54 69
9 54 68
11 54 69
12 54 68
13 54 68
15 54 70
16 54 71
18 54 69
19 54 68
21 54 74
22 54 69
23 54 71
24 54 77
25 54 67
26 54 70
42 54 70
46 54 55
47 54 64
48 54 67
50 54 39
52 54 64
55 54 61
56 54 45
95 54 53
4 55 45
5 55 47
6 55 46
7 55 44
8 55 43
9 55 45
10 55 47
11 55 47
12 55 45
13 55 45
14 55 42
15 55 47
16 55 49
17 55 48
18 55 46
19 55 45
20 55 36
21 55 52
22 55 46
23 55 48
24 55 56
25 55 44
26 55 47
30 55 40
35 55 40
36 55 42
37 55 40
38 55 46
40 55 35
41 55 47
42 55 47
44 55 43
45 55 42
46 55 32
47 55 41
48 55 44
49 55 20
50 55 20
51 55 46
52 55 41
53 55 49
54 55 44
56 55 24
57 55 34
74 55 42
92 55 47
95 55 30
4 56 68
5 56 70
6 56 69
7 56 67
8 56 66
9 56 68
10 56 69
11 56 69
12 56 68
13 56 68
15 56 70
16 56 71
17 56 71
18 56 69
19 56 68
20 56 59
21 56 73
22 56 69
23 56 70
24 56 77
25 56 67
26 56 69
42 56 70
46 56 54
47 56 64
48 56 67
49 56 39
51 56 69
52 56 64
53 56 71
55 56 61
95 56 53
4 57 40
5 57 42
6 57 41
10 57 41
12 57 40
13 57 40
15 57 42
16 57 43
17 57 43
18 57 41
19 57 40
20 57 31
21 57 46
25 57 39
26 57 42
27 57 43
28 57 39
29 57 47
30 57 35
41 57 42
42 57 42
45 57 37
47 57 35
48 57 39
53 57 43
55 57 33
60 57 47
63 57 39
86 57 24
92 57 42
95 57 26
24 58 20
27 58 16
28 58 14
29 58 18
31 58 16
36 58 13
39 58 10
41 58 15
60 58 18
61 58 15
69 58 11
71 58 11
75 58 16
82 58 37
95 58 8
21 59 23
27 59 21
29 59 23
32 59 15
41 59 20
60 59 23
69 59 15
75 59 21
85 59 10
95 59 11
17 60 32
24 60 40
27 60 32
28 60 29
29 60 36
31 60 32
32 60 24
33 60 29
34 60 27
37 60 26
38 60 30
39 60 23
41 60 31
45 60 27
54 60 28
57 60 21
62 60 28
67 60 29
70 60 23
76 60 27
78 60 22
80 60 31
88 60 26
90 60 26
92 60 31
93 60 14
95 60 18
21 61 17
24 61 20
27 61 15
28 61 14
29 61 17
32 61 11
36 61 12
41 61 15
58 61 43
60 61 18
71 61 11
75 61 16
82 61 36
92 61 15
95 61 8
16 62 39
24 62 47
27 62 39
28 62 35
29 62 42
31 62 39
32 62 30
33 62 36
34 62 34
36 62 33
39 62 29
40 62 27
41 62 38
45 62 33
60 62 43
64 62 35
67 62 35
69 62 30
70 62 29
73 62 39
74 62 33
78 62 27
79 62 32
85 62 21
90 62 32
92 62 38
95 62 23
17 63 31
25 63 27
28 63 28
29 63 34
31 63 31
33 63 28
34 63 26
39 63 22
41 63 30
45 63 26
51 63 29
53 63 31
57 63 20
62 63 27
68 63 31
70 63 22
73 63 31
74 63 26
76 63 26
79 63 25
80 63 30
84 63 21
87 63 20
88 63 25
90 63 25
92 63 30
95 63 17
24 64 45
27 64 37
31 64 37
34 64 32
45 64 31
62 64 32
65 64 24
72 64 28
89 64 22
95 64 21
24 65 50
29 65 45
34 65 36
41 65 40
60 65 46
64 65 38
73 65 41
87 65 29
88 65 34
90 65 35
95 65 25
24 66 23
28 66 16
29 66 20
31 66 18
36 66 14
58 66 47
60 66 20
80 66 17
82 66 40
92 66 17
95 66 9
3 67 19
21 67 32
24 67 36
25 67 26
27 67 29
28 67 26
29 67 32
31 67 29
32 67 22
33 67 26
34 67 25
35 67 23
36 67 24
37 67 23
38 67 27
39 67 21
40 67 19
41 67 28
44 67 25
45 67 24
51 67 27
53 67 29
60 67 32
62 67 25
64 67 26
69 67 21
70 67 21
73 67 29
74 67 24
76 67 24
78 67 19
80 67 28
84 67 20
88 67 23
90 67 23
93 67 13
95 67 16
24 68 42
28 68 31
29 68 37
31 68 34
33 68 31
34 68 29
38 68 32
41 68 33
45 68 29
53 68 34
63 68 30
73 68 34
78 68 23
80 68 33
95 68 19
17 69 35
21 69 38
27 69 35
28 69 32
29 69 39
31 69 35
32 69 27
33 69 32
37 69 28
39 69 26
41 69 34
54 69 31
62 69 31
67 69 32
70 69 25
74 69 30
76 69 30
78 69 24
90 69 29
95 69 20
3 70 21
21 70 35
24 70 39
25 70 28
27 70 32
29 70 35
32 70 24
33 70 29
34 70 27
36 70 27
37 70 25
39 70 23
41 70 30
45 70 26
53 70 32
60 70 35
62 70 27
63 70 28
67 70 28
69 70 23
73 70 31
76 70 27
78 70 21
80 70 30
90 70 26
92 70 31
93 70 14
95 70 18
24 71 21
28 71 14
29 71 19
36 71 13
39 71 11
41 71 16
58 71 45
60 71 19
69 71 11
75 71 17
92 71 16
95 71 8
27 72 40
28 72 37
29 72 44
38 72 38
64 72 36
73 72 40
76 72 34
95 72 24
17 73 35
24 73 42
28 73 31
29 73 38
31 73 35
33 73 32
34 73 30
36 73 29
37 73 28
39 73 25
41 73 34
45 73 29
51 73 33
53 73 35
60 73 38
63 73 31
65 73 22
67 73 31
68 73 35
70 73 25
74 73 29
79 73 29
80 73 33
92 73 34
95 73 20
16 74 36
17 74 36
20 74 25
21 74 39
24 74 44
25 74 32
27 74 36
28 74 32
29 74 39
30 74 28
31 74 36
32 74 28
33 74 33
35 74 29
36 74 30
38 74 34
41 74 35
42 74 35
45 74 30
47 74 29
53 74 36
55 74 27
60 74 40
62 74 31
63 74 32
69 74 27
73 74 36
79 74 30
90 74 29
92 74 35
95 74 21
31 75 21
41 75 20
58 75 53
60 75 24
71 75 16
80 75 20
82 75 46
85 75 10
92 75 21
95 75 11
3 76 20
24 76 37
28 76 27
29 76 33
31 76 30
33 76 27
34 76 25
36 76 25
37 76 23
38 76 28
40 76 20
41 76 29
44 76 25
45 76 25
51 76 28
53 76 30
60 76 33
62 76 26
63 76 26
67 76 27
69 76 22
70 76 21
73 76 30
78 76 20
80 76 29
85 76 15
91 76 15
92 76 29
93 76 13
95 76 17
17 77 33
24 77 40
25 77 29
27 77 33
28 77 29
31 77 33
41 77 32
51 77 31
79 77 27
87 77 22
92 77 32
95 77 18
17 78 31
24 78 38
28 78 28
29 78 34
31 78 31
34 78 26
36 78 26
37 78 24
39 78 22
40 78 20
41 78 30
45 78 26
51 78 29
53 78 31
60 78 34
62 78 27
67 78 28
68 78 31
69 78 23
70 78 22
73 78 31
80 78 30
84 78 21
92 78 30
95 78 17
6 79 37
16 79 39
17 79 39
21 79 42
27 79 39
29 79 43
31 79 39
35 79 32
38 79 37
39 79 29
41 79 38
44 79 34
45 79 33
50 79 15
55 79 29
60 79 43
63 79 35
73 79 39
74 79 33
90 79 32
92 79 38
95 79 23
6 80 25
17 80 27
24 80 34
25 80 24
27 80 27
28 80 24
29 80 30
31 80 27
33 80 24
34 80 23
35 80 21
36 80 22
37 80 21
38 80 25
39 80 19
40 80 17
41 80 26
42 80 26
44 80 23
45 80 22
51 80 25
53 80 27
60 80 30
62 80 23
63 80 23
64 80 24
67 80 24
68 80 27
69 80 20
70 80 19
73 80 27
74 80 22
76 80 22
78 80 18
83 80 34
84 80 18
87 80 17
88 80 21
90 80 22
91 80 13
92 80 26
95 80 15
24 81 19
25 81 12
27 81 14
29 81 16
36 81 11
41 81 14
60 81 16
61 81 14
62 81 12
69 81 10
75 81 14
92 81 14
95 81 7
24 82 19
27 82 15
28 82 13
29 82 16
31 82 14
32 82 10
36 82 12
39 82 10
41 82 14
47 82 11
58 82 41
60 82 17
62 82 12
66 82 18
67 82 13
68 82 14
69 82 10
71 82 11
74 82 12
75 82 15
76 82 12
80 82 14
83 82 19
85 82 6
92 82 14
95 82 7
29 83 40
31 83 36
41 83 35
60 83 40
73 83 36
80 83 35
84 83 25
92 83 35
95 83 21
5 84 31
17 84 32
25 84 28
28 84 28
31 84 31
33 84 29
34 84 27
37 84 25
39 84 23
41 84 31
42 84 31
45 84 26
47 84 25
51 84 30
53 84 32
60 84 35
62 84 27
63 84 28
67 84 28
78 84 21
80 84 30
87 84 21
90 84 26
92 84 31
95 84 18
24 85 47
27 85 39
29 85 43
31 85 39
36 85 33
41 85 38
44 85 34
45 85 33
60 85 43
62 85 34
64 85 35
67 85 35
69 85 30
76 85 33
91 85 21
95 85 23
27 86 47
31 86 47
37 86 39
41 86 46
53 86 48
63 86 43
67 86 43
95 86 29
28 87 36
29 87 43
31 87 39
34 87 34
36 87 34
41 87 38
44 87 34
45 87 34
60 87 43
63 87 35
64 87 36
65 87 26
67 87 36
73 87 39
88 87 32
90 87 33
95 87 23
24 88 45
28 88 34
29 88 41
37 88 30
41 88 36
45 88 31
60 88 41
63 88 33
65 88 24
67 88 33
73 88 37
80 88 36
95 88 22
24 89 49
27 89 41
28 89 37
29 89 45
31 89 41
33 89 38
34 89 35
41 89 40
45 89 35
53 89 41
62 89 36
64 89 37
65 89 27
67 89 37
68 89 41
72 89 32
73 89 41
76 89 35
78 89 29
83 89 49
92 89 40
95 89 24
17 90 38
21 90 41
24 90 46
29 90 42
31 90 38
34 90 33
36 90 32
38 90 36
40 90 26
41 90 37
44 90 33
45 90 32
60 90 42
62 90 33
67 90 34
69 90 29
70 90 28
74 90 32
92 90 37
93 90 18
95 90 22
24 91 47
31 91 38
33 91 36
34 91 33
36 91 33
39 91 28
41 91 37
44 91 33
53 91 39
60 91 43
62 91 34
64 91 35
69 91 29
72 91 30
76 91 33
85 91 21
86 91 21
95 91 23
16 92 34
21 92 37
24 92 41
25 92 30
27 92 34
28 92 30
29 92 37
31 92 33
35 92 27
36 92 28
37 92 27
39 92 24
41 92 32
44 92 29
45 92 28
51 92 31
52 92 27
53 92 34
55 92 25
57 92 22
60 92 37
62 92 29
63 92 30
67 92 30
70 92 24
73 92 33
74 92 28
79 92 28
80 92 32
86 92 18
90 92 27
95 92 19
21 93 48
24 93 52
34 93 39
36 93 38
39 93 33
57 93 30
60 93 48
67 93 40
70 93 33
76 93 38
90 93 37
95 93 27
24 94 37
25 94 26
27 94 30
28 94 27
31 94 30
33 94 27
34 94 25
36 94 25
41 94 29
47 94 24
51 94 28
60 94 33
62 94 26
63 94 26
67 94 26
69 94 22
70 94 21
73 94 30
90 94 24
91 94 15
92 94 29
95 94 17
1 95 86
2 95 85
3 95 81
4 95 86
5 95 88
6 95 87
7 95 86
8 95 86
9 95 86
10 95 87
11 95 87
12 95 87
13 95 87
14 95 85
15 95 87
16 95 88
17 95 88
18 95 87
19 95 87
20 95 82
21 95 89
22 95 87
23 95 88
24 95 91
25 95 86
26 95 87
27 95 88
