2 1 86
5 1 86
7 1 82
8 1 89
11 1 88
12 1 87
13 1 85
1 2 82
3 2 82
5 2 83
7 2 79
8 2 87
9 2 82
11 2 85
12 2 85
13 2 83
1 3 83
2 3 85
5 3 84
7 3 81
8 3 88
9 3 83
11 3 86
12 3 86
13 3 84
13 4 85
1 5 84
2 5 86
7 5 82
8 5 89
9 5 84
11 5 87
12 5 86
13 5 85
1 7 85
2 7 87
5 7 87
8 7 90
9 7 85
11 7 88
12 7 88
13 7 86
14 7 83
1 8 78
2 8 80
5 8 80
7 8 75
9 8 78
11 8 82
12 8 81
13 8 79
2 9 86
5 9 85
7 9 82
8 9 88
11 9 87
12 9 86
13 9 85
14 9 81
1 11 78
2 11 80
3 11 78
5 11 80
7 11 75
8 11 84
9 11 78
12 11 81
13 11 79
14 11 75
1 12 81
2 12 83
3 12 81
5 12 83
7 12 79
8 12 86
9 12 81
11 12 85
13 12 82
14 12 78
1 13 83
2 13 85
3 13 83
5 13 84
7 13 81
8 13 88
9 13 83
11 13 86
12 13 85
14 13 80
52 13 69
7 14 86
8 14 91
9 14 87
11 14 90
13 14 88
52 15 71
1 16 74
2 16 77
3 16 74
5 16 76
7 16 71
8 16 81
9 16 74
11 16 79
12 16 78
13 16 75
14 16 71
17 16 66
45 16 70
52 16 57
1 17 77
2 17 79
3 17 77
5 17 78
8 17 83
9 17 76
11 17 81
12 17 80
13 17 78
14 17 73
16 17 56
45 17 72
49 17 84
52 17 60
4 18 20
5 18 28
14 18 23
20 18 26
23 18 23
24 18 29
25 18 27
26 18 23
29 18 22
30 18 23
31 18 29
32 18 22
33 18 27
36 18 19
37 18 23
38 18 37
41 18 30
42 18 29
43 18 20
44 18 26
47 18 31
49 18 36
50 18 28
51 18 27
52 18 14
4 19 23
6 19 21
8 19 39
11 19 36
20 19 29
23 19 27
25 19 31
27 19 33
30 19 26
33 19 31
38 19 42
41 19 34
44 19 30
49 19 40
50 19 32
52 19 16
8 20 52
11 20 49
18 20 47
25 20 44
30 20 38
31 20 46
33 20 44
34 20 43
38 20 56
44 20 43
47 20 49
48 20 38
49 20 54
50 20 45
52 20 26
3 21 25
4 21 19
5 21 27
7 21 22
15 21 25
18 21 28
23 21 22
24 21 27
25 21 26
31 21 27
33 21 26
38 21 36
39 21 24
41 21 28
42 21 27
47 21 30
48 21 21
49 21 34
50 21 26
51 21 25
52 21 13
8 22 36
15 22 27
18 22 31
20 22 27
23 22 25
24 22 30
25 22 29
27 22 30
31 22 30
33 22 29
36 22 20
38 22 39
43 22 21
44 22 28
47 22 33
49 22 38
50 22 29
52 22 15
15 23 27
18 23 31
20 23 27
24 23 30
25 23 28
29 23 24
31 23 30
33 23 28
36 23 20
38 23 39
39 23 26
42 23 30
44 23 28
47 23 32
52 23 15
3 24 27
4 24 21
15 24 27
18 24 31
23 24 24
25 24 28
27 24 29
33 24 28
34 24 27
38 24 38
39 24 26
41 24 30
42 24 29
47 24 32
48 24 23
49 24 37
50 24 28
52 24 14
1 25 44
18 25 49
20 25 43
29 25 39
30 25 39
31 25 47
41 25 49
44 25 45
47 25 50
49 25 55
50 25 46
52 25 27
4 26 18
11 26 29
15 26 24
18 26 28
25 26 25
29 26 21
30 26 21
31 26 26
38 26 35
41 26 28
42 26 26
47 26 29
49 26 33
51 26 25
52 26 13
15 27 42
24 27 45
38 27 55
39 27 41
48 27 38
52 27 25
1 28 54
3 28 54
5 28 56
7 28 50
8 28 63
9 28 53
11 28 60
12 28 59
13 28 55
34 28 54
38 28 66
45 28 48
49 28 65
52 28 35
1 29 52
8 29 62
9 29 52
11 29 59
23 29 49
32 29 47
33 29 53
34 29 53
37 29 48
38 29 65
41 29 57
44 29 53
45 29 47
50 29 54
52 29 34
1 30 33
4 30 26
5 30 36
18 30 37
20 30 32
25 30 34
29 30 29
31 30 36
32 30 29
36 30 24
38 30 45
41 30 37
44 30 33
46 30 31
47 30 39
49 30 44
50 30 35
52 30 19
18 31 47
20 31 41
25 31 44
32 31 37
35 31 32
49 31 54
50 31 44
52 31 25
1 32 48
29 32 43
31 32 51
38 32 61
44 32 48
46 32 46
52 32 30
4 33 30
5 33 40
19 33 55
29 33 33
31 33 41
32 33 33
34 33 38
38 33 51
41 33 42
42 33 41
49 33 49
51 33 39
52 33 22
17 34 40
20 34 48
23 34 45
33 34 50
35 34 38
38 34 62
39 34 48
41 34 54
49 34 60
50 34 51
52 34 31
1 35 44
5 35 46
8 35 53
11 35 50
31 35 47
34 35 44
45 35 38
49 35 55
52 35 26
14 36 40
18 36 49
20 36 44
30 36 40
31 36 48
32 36 40
38 36 57
41 36 49
44 36 45
49 36 56
50 36 47
52 36 27
18 37 49
25 37 46
29 37 40
38 37 57
39 37 43
42 37 47
49 37 56
50 37 46
51 37 45
52 37 27
33 38 46
34 38 45
39 38 44
41 38 49
42 38 48
45 38 39
48 38 40
49 38 56
52 38 27
1 39 40
2 39 43
3 39 40
5 39 42
7 39 36
8 39 49
11 39 46
13 39 41
17 39 31
31 39 43
34 39 40
35 39 29
37 39 36
38 39 53
41 39 44
42 39 43
45 39 34
49 39 51
51 39 41
52 39 23
1 40 41
34 40 41
37 40 37
46 40 39
52 40 24
4 41 33
5 41 43
8 41 50
11 41 47
18 41 45
25 41 42
29 41 36
31 41 44
33 41 42
34 41 41
38 41 53
39 41 39
42 41 44
43 41 32
44 41 41
45 41 35
47 41 47
49 41 52
50 41 42
51 41 41
52 41 24
31 42 41
33 42 39
34 42 38
38 42 51
43 42 30
47 42 44
48 42 34
49 42 49
50 42 40
51 42 39
52 42 22
25 43 41
31 43 43
34 43 40
38 43 53
41 43 44
42 43 43
47 43 46
49 43 51
50 43 42
52 43 24
11 44 46
20 44 39
25 44 41
29 44 35
30 44 35
31 44 42
32 44 35
38 44 52
39 44 38
41 44 44
46 44 37
49 44 51
50 44 41
52 44 23
1 45 50
2 45 54
3 45 50
5 45 53
7 45 46
8 45 60
9 45 50
11 45 57
12 45 55
13 45 52
14 45 46
16 45 28
17 45 40
28 45 40
29 45 45
35 45 39
38 45 63
41 45 55
46 45 48
49 45 61
52 45 32
1 46 47
3 46 47
8 46 57
11 46 54
32 46 42
38 46 60
40 46 36
44 46 48
45 46 42
52 46 29
18 47 42
25 47 38
26 47 33
28 47 28
30 47 33
38 47 50
41 47 41
42 47 40
43 47 29
49 47 48
50 47 39
51 47 38
52 47 21
8 48 58
11 48 55
20 48 47
38 48 61
42 48 51
49 48 59
52 48 30
5 49 49
6 49 35
7 49 42
8 49 56
9 49 46
11 49 53
13 49 48
17 49 37
18 49 51
20 49 45
28 49 36
31 49 49
32 49 41
34 49 46
35 49 35
38 49 59
39 49 45
44 49 46
45 49 41
48 49 41
50 49 48
51 49 47
52 49 28
11 50 45
18 50 43
20 50 37
24 50 41
25 50 39
29 50 34
30 50 34
31 50 41
34 50 38
37 50 34
38 50 51
41 50 42
42 50 41
43 50 30
47 50 44
49 50 49
51 50 39
52 50 22
26 51 40
31 51 48
38 51 58
39 51 43
42 51 48
47 51 51
49 51 56
52 51 27
1 52 92
2 52 93
3 52 92
4 52 89
5 52 93
6 52 88
7 52 91
8 52 94
9 52 92
10 52 95
11 52 94
12 52 93
13 52 92
14 52 91
