1 5 99
55 5 99
1 6 17
4 6 30
7 6 29
10 6 25
11 6 56
12 6 56
13 6 59
14 6 62
15 6 30
19 6 47
20 6 56
21 6 42
35 6 42
45 6 47
53 6 68
54 6 37
55 6 12
4 7 55
10 7 49
12 7 79
15 7 56
17 7 64
19 7 72
20 7 79
21 7 68
54 7 63
55 7 29
4 8 57
9 8 51
11 8 80
15 8 57
21 8 69
35 8 69
46 8 64
55 8 30
55 9 60
55 10 69
3 11 58
6 11 56
8 11 57
12 11 69
13 11 71
14 11 74
15 11 43
17 11 51
19 11 61
20 11 69
21 11 56
35 11 56
49 11 79
53 11 79
54 11 50
55 11 20
3 12 54
7 12 38
11 12 66
13 12 68
14 12 71
15 12 39
17 12 47
19 12 57
20 12 66
21 12 53
35 12 52
49 12 76
53 12 77
54 12 47
55 12 18
3 13 54
11 13 66
12 13 66
14 13 71
15 13 39
19 13 57
20 13 66
21 13 53
35 13 52
46 13 47
49 13 76
51 13 42
54 13 47
55 13 17
3 14 52
6 14 51
11 14 64
12 14 64
13 14 67
15 14 38
17 14 46
19 14 56
20 14 64
21 14 51
35 14 50
49 14 75
53 14 75
54 14 45
55 14 16
55 15 71
1 16 15
11 16 52
12 16 52
13 16 55
17 16 34
19 16 43
20 16 53
35 16 38
42 16 27
43 16 28
49 16 65
53 16 65
55 16 11
1 17 17
4 17 30
6 17 43
7 17 29
10 17 25
11 17 57
12 17 56
13 17 59
15 17 31
19 17 48
20 17 57
21 17 43
32 17 26
35 17 43
43 17 32
53 17 69
54 17 37
55 17 13
4 18 34
7 18 33
11 18 61
12 18 60
13 18 63
14 18 67
15 18 34
19 18 52
20 18 61
21 18 47
31 18 33
32 18 29
35 18 47
40 18 27
45 18 52
46 18 41
47 18 27
49 18 72
53 18 72
54 18 41
55 18 14
1 19 15
4 19 28
6 19 40
7 19 27
11 19 54
12 19 53
13 19 56
14 19 60
15 19 28
20 19 54
21 19 40
35 19 40
42 19 28
43 19 29
45 19 45
46 19 35
49 19 66
51 19 30
53 19 66
54 19 34
55 19 11
1 20 16
4 20 29
6 20 42
7 20 28
10 20 24
11 20 55
12 20 55
13 20 58
14 20 62
15 20 29
19 20 46
21 20 42
32 20 25
35 20 41
42 20 29
43 20 31
45 20 47
49 20 67
53 20 68
54 20 36
55 20 12
1 21 16
4 21 29
6 21 41
7 21 28
8 21 42
9 21 25
10 21 24
11 21 55
12 21 55
13 21 58
14 21 61
15 21 29
19 21 46
20 21 55
35 21 41
45 21 46
49 21 67
53 21 68
54 21 36
55 21 12
55 22 94
5 23 29
26 23 56
27 23 56
28 23 63
29 23 52
30 23 56
31 23 67
32 23 63
34 23 64
49 23 91
55 23 41
23 24 58
26 24 68
27 24 67
28 24 73
29 24 64
30 24 68
31 24 77
32 24 73
33 24 62
34 24 75
49 24 95
55 24 53
3 25 63
15 25 49
49 25 82
50 25 49
52 25 40
55 25 24
23 26 51
27 26 61
28 26 68
29 26 57
30 26 61
31 26 71
32 26 67
33 26 55
34 26 69
49 26 93
55 26 47
23 27 58
24 27 76
26 27 67
28 27 73
29 27 63
30 27 67
31 27 76
32 27 73
33 27 61
34 27 74
49 27 94
55 27 53
5 28 34
23 28 51
26 28 61
27 28 61
29 28 57
30 28 61
31 28 71
32 28 67
33 28 55
34 28 69
49 28 93
55 28 46
23 29 53
24 29 72
26 29 63
27 29 62
28 29 69
30 29 63
31 29 72
32 29 69
33 29 56
34 29 70
49 29 93
55 29 48
5 30 32
23 30 49
26 30 59
27 30 59
28 30 65
29 30 54
31 30 69
32 30 65
33 30 52
34 30 67
49 30 92
55 30 44
5 31 31
23 31 47
24 31 68
26 31 57
27 31 57
28 31 64
29 31 53
30 31 57
32 31 64
33 31 51
34 31 66
49 31 92
55 31 42
5 32 27
23 32 43
24 32 64
26 32 53
27 32 53
28 32 60
29 32 48
30 32 53
31 32 64
33 32 46
34 32 62
46 32 72
49 32 90
55 32 38
26 33 70
27 33 70
29 33 66
30 33 70
31 33 79
32 33 75
34 33 77
55 33 56
5 34 28
23 34 44
24 34 65
26 34 54
27 34 54
28 34 61
29 34 50
30 34 54
31 34 65
32 34 61
33 34 48
49 34 91
55 34 40
4 35 40
5 35 12
9 35 35
11 35 67
12 35 67
13 35 69
14 35 72
16 35 32
19 35 58
49 35 77
50 35 41
52 35 32
53 35 77
55 35 18
4 36 60
12 36 82
35 36 72
55 36 33
38 37 46
39 37 68
40 37 54
45 37 78
46 37 69
55 37 35
37 38 43
39 38 62
40 38 48
44 38 35
45 38 73
46 38 64
55 38 30
12 39 77
15 39 54
37 39 40
38 39 37
40 39 45
44 39 32
45 39 71
46 39 61
55 39 28
31 40 56
34 40 53
37 40 44
38 40 41
39 40 63
44 40 35
45 40 74
46 40 65
55 40 31
11 41 60
12 41 60
15 41 34
20 41 61
21 41 47
31 41 32
32 41 29
34 41 30
38 41 21
46 41 41
49 41 72
50 41 34
53 41 72
55 41 14
11 42 75
12 42 74
13 42 77
15 42 50
16 42 41
20 42 75
45 42 68
46 42 57
48 42 53
49 42 83
53 42 83
54 42 57
55 42 24
5 43 8
12 43 56
13 43 59
15 43 30
17 43 37
19 43 47
20 43 56
31 43 28
42 43 30
45 43 47
48 43 33
53 43 68
55 43 12
31 44 57
38 44 42
39 44 65
40 44 50
45 44 75
46 44 66
55 44 32
15 45 55
37 45 42
38 45 38
39 45 61
40 45 46
44 45 33
46 45 62
55 45 28
11 46 72
12 46 72
13 46 74
15 46 47
32 46 41
35 46 60
37 46 34
38 46 31
39 46 53
40 46 38
42 46 46
44 46 26
45 46 65
49 46 81
51 46 49
55 46 22
1 47 17
11 47 57
12 47 56
13 47 59
14 47 63
15 47 30
19 47 47
20 47 57
31 47 29
34 47 27
35 47 42
38 47 18
42 47 30
46 47 37
49 47 68
53 47 69
54 47 37
55 47 12
11 48 67
14 48 72
15 48 40
35 48 53
42 48 40
43 48 42
46 48 48
53 48 77
54 48 47
55 48 18
1 49 18
3 49 46
4 49 32
8 49 45
11 49 58
12 49 58
13 49 61
14 49 64
15 49 32
16 49 24
19 49 49
20 49 58
23 49 16
24 49 30
25 49 25
26 49 22
27 49 22
28 49 27
29 49 19
31 49 30
32 49 27
34 49 28
35 49 44
50 49 32
52 49 24
55 49 13
3 50 58
15 50 43
25 50 36
35 50 56
49 50 79
52 50 35
55 50 20
1 51 13
2 51 5
8 51 37
11 51 50
12 51 49
13 51 52
15 51 25
16 51 19
17 51 31
19 51 41
21 51 36
31 51 24
35 51 36
42 51 25
43 51 26
45 51 41
46 51 31
47 51 19
49 51 62
53 51 63
55 51 10
1 52 20
12 52 62
15 52 35
19 52 53
25 52 28
35 52 48
49 52 73
50 52 36
53 52 74
55 52 15
1 53 13
2 53 5
4 53 23
8 53 35
9 53 20
11 53 48
12 53 48
14 53 54
15 53 24
16 53 18
17 53 30
19 53 39
20 53 48
21 53 35
35 53 34
42 53 23
43 53 25
46 53 30
48 53 26
49 53 61
51 53 25
52 53 18
54 53 29
55 53 9
1 54 16
4 54 29
6 54 41
7 54 28
9 54 25
10 54 24
11 54 55
12 54 55
13 54 58
14 54 61
15 54 29
19 54 46
20 54 55
21 54 41
32 54 24
35 54 41
42 54 29
45 54 46
46 54 36
47 54 23
48 54 32
49 54 67
53 54 68
55 54 12
1 55 98
2 55 96
3 55 100
4 55 99
5 55 96
