5 2 84
4 3 76
2 5 87
8 5 90
27 7 79
2 8 78
5 8 75
10 8 83
18 8 79
27 8 70
5 10 72
8 10 80
12 10 66
13 10 90
18 10 76
27 10 66
10 13 58
12 13 41
19 13 51
7 15 69
27 15 58
1 16 58
3 16 68
6 16 68
9 16 69
10 16 68
15 16 79
18 16 62
19 16 61
22 16 77
27 16 50
1 17 61
6 17 71
7 17 65
15 17 81
18 17 65
19 17 65
20 17 58
24 17 78
27 17 54
27 18 78
27 19 77
27 20 83
1 21 30
2 21 32
3 21 39
5 21 29
6 21 39
7 21 33
8 21 39
9 21 41
10 21 39
12 21 24
13 21 58
14 21 46
15 21 54
17 21 22
18 21 33
19 21 33
22 21 50
23 21 45
24 21 48
25 21 55
27 21 24
1 22 29
2 22 31
3 22 38
4 22 23
5 22 28
6 22 38
7 22 32
8 22 38
9 22 39
10 22 38
12 22 23
13 22 57
14 22 45
15 22 52
16 22 21
17 22 21
18 22 32
19 22 31
20 22 26
21 22 47
23 22 44
24 22 47
25 22 54
27 22 23
2 23 32
3 23 39
4 23 24
5 23 29
6 23 39
7 23 33
8 23 38
9 23 40
10 23 39
12 23 24
13 23 58
14 23 45
15 23 53
16 23 21
17 23 22
18 23 33
19 23 32
20 23 26
21 23 47
22 23 50
24 23 47
25 23 55
27 23 23
2 24 32
3 24 39
5 24 29
6 24 39
7 24 33
8 24 38
9 24 40
10 24 39
12 24 24
13 24 58
14 24 46
15 24 53
16 24 21
17 24 22
18 24 33
19 24 32
20 24 26
21 24 47
22 24 50
23 24 44
25 24 55
27 24 23
2 25 32
3 25 39
6 25 39
7 25 33
9 25 40
10 25 39
12 25 24
13 25 58
14 25 46
15 25 53
16 25 21
17 25 22
18 25 33
19 25 32
20 25 26
21 25 47
22 25 50
23 25 44
24 25 48
27 25 23
2 26 33
3 26 39
5 26 29
6 26 39
7 26 34
8 26 39
9 26 41
10 26 40
12 26 24
13 26 59
14 26 46
15 26 54
16 26 22
18 26 34
19 26 33
20 26 27
21 26 48
22 26 51
23 26 45
24 26 48
25 26 55
27 26 24
1 27 87
2 27 89
3 27 91
4 27 84
5 27 87
6 27 91
7 27 89
8 27 91
9 27 92
10 27 91
11 27 91
12 27 84
13 27 96
14 27 93
