3 2 68
4 2 68
5 2 67
6 2 69
7 2 70
8 2 68
9 2 69
11 2 70
12 2 66
2 3 62
4 3 67
6 3 68
7 3 70
8 3 67
9 3 68
10 3 62
11 3 69
2 4 59
3 4 64
5 4 63
6 4 65
7 4 66
8 4 64
9 4 65
11 4 66
12 4 62
2 5 58
3 5 63
4 5 63
6 5 64
7 5 66
8 5 63
9 5 64
10 5 57
11 5 65
12 5 61
2 6 57
3 6 63
4 6 62
5 6 62
7 6 65
8 6 63
9 6 63
10 6 57
11 6 64
12 6 60
2 7 55
3 7 60
4 7 60
5 7 59
6 7 61
8 7 60
9 7 61
11 7 62
12 7 57
2 8 57
3 8 63
4 8 62
5 8 62
6 8 64
7 8 65
9 8 63
11 8 64
12 8 60
2 9 57
3 9 62
4 9 62
5 9 61
6 9 63
7 9 65
8 9 62
11 9 64
12 9 60
3 10 65
4 10 65
5 10 64
6 10 66
7 10 67
8 10 65
9 10 66
11 10 67
12 10 62
19 10 28
2 11 55
3 11 60
4 11 60
5 11 59
6 11 61
7 11 63
8 11 60
9 11 61
10 11 54
12 11 58
2 12 60
3 12 66
4 12 65
5 12 65
6 12 67
7 12 68
8 12 65
9 12 66
11 12 67
2 13 15
3 13 19
4 13 18
5 13 18
6 13 19
7 13 20
8 13 18
9 13 19
10 13 15
11 13 20
12 13 17
15 13 11
16 13 11
18 13 13
19 13 4
17 14 23
18 14 20
19 14 7
2 15 48
3 15 54
4 15 53
5 15 53
6 15 55
7 15 56
8 15 53
9 15 54
10 15 47
11 15 55
12 15 51
17 15 48
18 15 43
19 15 19
2 16 22
3 16 26
4 16 26
5 16 25
6 16 27
7 16 28
8 16 26
9 16 27
10 16 22
11 16 28
12 16 24
13 16 21
18 16 19
19 16 7
2 17 48
3 17 54
4 17 53
5 17 53
6 17 55
7 17 56
8 17 53
9 17 54
10 17 47
11 17 55
12 17 51
14 17 47
18 17 44
19 17 19
2 18 19
3 18 23
4 18 23
5 18 23
6 18 24
7 18 25
8 18 23
9 18 24
10 18 19
11 18 24
12 18 21
13 18 18
14 18 19
15 18 14
16 18 14
17 18 19
19 18 6
1 19 85
2 19 81
3 19 85
4 19 84
5 19 84
6 19 85
7 19 86
8 19 84
9 19 85
10 19 81
11 19 85
12 19 83
