6 2 67
8 2 68
26 2 68
6 5 72
2 6 62
4 6 64
5 6 57
8 6 65
9 6 62
26 6 65
30 6 54
8 7 72
2 8 59
4 8 60
6 8 60
7 8 50
10 8 61
26 8 61
33 8 55
2 9 64
6 9 65
10 9 66
40 9 54
6 10 62
8 10 63
9 10 60
11 10 61
33 10 57
4 11 62
8 11 63
10 11 62
33 11 57
37 11 60
38 11 54
8 12 71
33 12 66
3 13 71
4 13 78
9 13 76
10 13 78
12 13 77
14 13 59
15 13 58
16 13 59
17 13 59
18 13 58
19 13 78
49 13 62
3 14 71
4 14 78
7 14 70
8 14 79
9 14 77
10 14 78
12 14 77
13 14 59
15 14 59
16 14 59
17 14 60
18 14 59
49 14 62
13 15 63
14 15 63
18 15 63
30 15 74
49 15 66
4 16 79
5 16 73
7 16 71
8 16 79
9 16 77
10 16 79
13 16 60
14 16 60
15 16 59
17 16 60
18 16 59
49 16 63
3 17 71
4 17 78
5 17 72
7 17 70
8 17 79
9 17 77
10 17 78
12 17 77
13 17 59
14 17 59
15 17 59
16 17 59
18 17 59
19 17 78
49 17 62
3 18 71
4 18 78
5 18 72
7 18 70
8 18 79
9 18 77
10 18 78
13 18 59
14 18 59
16 18 59
17 18 60
19 18 78
49 18 62
27 19 52
49 20 62
49 23 65
49 24 65
2 26 60
6 26 61
8 26 62
27 26 51
33 26 56
35 26 59
38 26 53
42 26 52
19 27 70
26 27 71
31 29 63
33 29 62
35 29 65
8 30 75
31 30 70
49 30 56
8 31 67
28 31 56
29 31 63
30 31 56
49 31 47
49 32 68
2 33 64
4 33 66
8 33 67
10 33 66
11 33 65
12 33 65
26 33 67
29 33 63
35 33 64
36 33 51
37 33 64
37 34 62
29 35 65
33 35 63
29 36 74
33 36 72
49 36 60
33 37 59
34 37 62
8 38 70
11 38 68
24 38 55
26 38 70
27 38 60
40 38 58
49 38 51
49 39 41
2 40 63
6 40 64
8 40 66
9 40 63
13 40 43
14 40 43
15 40 42
16 40 43
17 40 43
18 40 42
19 40 65
26 40 65
38 40 57
49 40 46
13 41 30
14 41 30
15 41 30
16 41 30
17 41 30
23 41 33
26 41 52
38 41 43
40 41 40
42 41 42
49 41 32
26 42 72
30 42 63
31 42 68
33 42 67
36 42 58
49 42 54
31 43 71
49 43 57
9 44 43
10 44 45
21 44 33
26 44 46
29 44 41
49 44 27
2 45 22
3 45 18
5 45 19
6 45 23
7 45 17
8 45 24
9 45 22
10 45 24
11 45 23
13 45 11
14 45 11
15 45 11
16 45 11
17 45 11
18 45 11
19 45 24
21 45 16
23 45 13
24 45 14
25 45 20
26 45 24
27 45 17
29 45 21
30 45 17
31 45 21
33 45 20
34 45 22
35 45 22
36 45 14
37 45 22
38 45 18
39 45 20
40 45 16
41 45 17
42 45 17
43 45 13
44 45 12
46 45 24
47 45 26
48 45 22
49 45 12
2 46 22
3 46 18
4 46 24
5 46 18
6 46 23
7 46 17
8 46 24
9 46 22
10 46 24
11 46 23
14 46 11
16 46 11
17 46 11
18 46 11
19 46 24
20 46 14
21 46 16
22 46 16
24 46 14
25 46 20
26 46 24
27 46 17
29 46 21
30 46 17
31 46 20
33 46 20
34 46 22
35 46 22
36 46 14
37 46 22
38 46 18
39 46 20
41 46 17
42 46 17
43 46 13
44 46 12
45 46 23
47 46 26
48 46 22
49 46 12
29 47 42
49 47 28
49 48 30
1 49 63
2 49 74
3 49 68
4 49 75
5 49 69
6 49 75
7 49 67
8 49 76
9 49 74
10 49 76
11 49 74
12 49 74
13 49 55
14 49 56
15 49 55
16 49 56
17 49 56
18 49 55
19 49 76
20 49 62
21 49 65
22 49 66
23 49 59
24 49 62
25 49 71
26 49 76
27 49 67
28 49 67
29 49 73
30 49 67
31 49 72
32 49 60
33 49 71
34 49 74
35 49 74
36 49 62
37 49 74
38 49 69
