2 1 46
3 1 47
4 1 58
6 1 46
7 1 54
8 1 56
9 1 60
10 1 45
11 1 54
12 1 31
13 1 52
14 1 52
15 1 55
16 1 57
17 1 49
18 1 51
19 1 50
20 1 68
21 1 60
22 1 60
23 1 56
24 1 68
25 1 65
26 1 52
27 1 48
29 1 57
30 1 56
31 1 52
32 1 56
33 1 57
34 1 56
35 1 57
36 1 56
37 1 57
38 1 56
40 1 57
42 1 62
43 1 49
44 1 59
45 1 60
46 1 49
47 1 56
48 1 58
49 1 63
50 1 55
51 1 69
52 1 55
53 1 54
54 1 54
55 1 54
56 1 56
57 1 49
58 1 57
59 1 62
60 1 49
61 1 59
62 1 62
63 1 61
64 1 64
65 1 51
66 1 58
67 1 57
71 1 46
74 1 55
75 1 47
81 1 43
82 1 41
83 1 94
87 1 48
89 1 59
1 2 75
4 2 80
6 2 72
7 2 77
9 2 81
16 2 79
18 2 76
25 2 85
49 2 83
65 2 76
67 2 80
71 2 71
74 2 78
2 3 52
4 3 64
5 3 22
6 3 52
7 3 60
8 3 62
9 3 65
10 3 51
11 3 60
12 3 36
13 3 58
14 3 58
15 3 61
16 3 62
17 3 55
18 3 57
20 3 73
21 3 65
22 3 65
23 3 62
24 3 73
25 3 70
27 3 54
28 3 68
29 3 63
30 3 62
31 3 58
32 3 62
33 3 63
34 3 62
35 3 63
36 3 62
37 3 63
38 3 62
40 3 62
41 3 31
42 3 68
44 3 65
45 3 65
46 3 55
47 3 62
48 3 64
49 3 68
50 3 61
51 3 74
52 3 61
53 3 60
54 3 60
55 3 60
56 3 61
57 3 55
58 3 62
59 3 67
60 3 55
61 3 65
62 3 67
63 3 66
64 3 69
65 3 57
66 3 64
67 3 63
71 3 52
81 3 49
82 3 47
87 3 54
89 3 64
104 3 31
1 4 49
2 4 45
6 4 45
7 4 53
8 4 55
9 4 59
10 4 44
11 4 53
13 4 51
14 4 51
15 4 54
16 4 55
17 4 47
18 4 50
19 4 49
20 4 67
21 4 58
22 4 59
23 4 55
24 4 67
25 4 64
26 4 51
27 4 46
29 4 56
30 4 55
31 4 51
32 4 55
33 4 56
34 4 55
35 4 56
36 4 55
37 4 56
38 4 55
40 4 56
42 4 61
43 4 48
44 4 58
45 4 59
46 4 48
47 4 55
48 4 57
49 4 62
50 4 54
52 4 54
57 4 47
58 4 56
59 4 61
61 4 58
62 4 60
63 4 60
64 4 63
65 4 50
66 4 57
71 4 45
74 4 53
80 4 36
82 4 40
86 4 47
89 4 58
2 5 81
3 5 81
4 5 87
9 5 88
49 5 89
67 5 87
71 5 80
104 5 63
2 6 75
4 6 83
24 6 88
49 6 86
65 6 79
1 7 47
2 7 43
3 7 44
4 7 55
6 7 43
8 7 53
9 7 57
10 7 42
11 7 51
12 7 28
13 7 49
14 7 49
15 7 52
16 7 53
17 7 45
18 7 48
19 7 47
20 7 65
21 7 56
22 7 57
23 7 53
24 7 65
25 7 62
26 7 49
27 7 44
29 7 54
30 7 53
31 7 49
32 7 53
33 7 54
34 7 53
35 7 54
36 7 53
37 7 54
39 7 44
40 7 54
42 7 59
43 7 46
44 7 56
45 7 57
46 7 46
47 7 53
48 7 55
49 7 60
50 7 52
51 7 66
52 7 52
53 7 51
54 7 51
55 7 51
56 7 52
57 7 45
58 7 53
59 7 59
61 7 56
62 7 58
63 7 58
64 7 61
65 7 48
66 7 55
67 7 54
71 7 43
74 7 51
75 7 44
79 7 25
81 7 40
86 7 45
87 7 45
89 7 56
1 8 55
2 8 52
3 8 53
4 8 63
6 8 52
7 8 59
9 8 65
10 8 50
11 8 60
13 8 57
14 8 58
15 8 61
16 8 62
18 8 57
19 8 56
20 8 72
21 8 65
22 8 65
23 8 61
24 8 72
25 8 70
26 8 57
29 8 63
30 8 61
31 8 57
32 8 62
33 8 63
34 8 62
35 8 62
37 8 62
38 8 62
40 8 62
42 8 67
43 8 55
44 8 64
45 8 65
46 8 54
47 8 62
48 8 63
49 8 68
50 8 60
52 8 60
53 8 59
54 8 59
55 8 59
56 8 61
57 8 54
58 8 62
59 8 67
60 8 54
61 8 64
62 8 67
63 8 66
64 8 69
65 8 57
66 8 63
67 8 63
74 8 60
80 8 43
87 8 54
89 8 64
2 9 51
3 9 52
4 9 62
6 9 50
7 9 58
8 9 60
10 9 49
11 9 58
13 9 56
14 9 57
15 9 60
16 9 61
17 9 53
19 9 55
20 9 71
21 9 64
22 9 64
23 9 60
24 9 71
25 9 69
26 9 56
27 9 52
29 9 62
30 9 60
31 9 56
32 9 61
33 9 61
34 9 60
35 9 61
36 9 60
37 9 61
38 9 61
40 9 61
42 9 66
43 9 54
44 9 63
45 9 64
47 9 60
48 9 62
49 9 67
50 9 59
52 9 59
57 9 53
58 9 61
59 9 66
60 9 53
61 9 63
62 9 65
63 9 65
64 9 68
65 9 55
66 9 62
67 9 61
74 9 59
81 9 47
86 9 53
87 9 52
89 9 63
2 10 56
3 10 58
4 10 67
8 10 66
9 10 69
11 10 64
13 10 62
14 10 62
15 10 65
16 10 66
18 10 61
19 10 60
20 10 76
21 10 69
22 10 69
23 10 65
24 10 76
25 10 74
30 10 66
32 10 66
33 10 67
34 10 66
35 10 66
36 10 65
37 10 66
38 10 66
40 10 66
42 10 71
43 10 59
44 10 68
45 10 69
47 10 66
48 10 67
49 10 72
50 10 65
51 10 77
52 10 64
53 10 64
54 10 64
55 10 64
56 10 65
57 10 59
58 10 66
59 10 71
61 10 68
62 10 71
63 10 70
64 10 73
65 10 61
66 10 67
67 10 67
79 10 36
81 10 53
82 10 51
89 10 68
1 11 52
2 11 48
3 11 49
4 11 60
6 11 48
7 11 56
8 11 58
9 11 62
10 11 47
13 11 54
14 11 54
15 11 57
16 11 59
17 11 51
18 11 53
19 11 52
20 11 69
21 11 61
22 11 62
23 11 58
24 11 69
25 11 67
26 11 54
27 11 50
29 11 59
30 11 58
31 11 54
32 11 58
33 11 59
34 11 58
35 11 59
36 11 58
37 11 59
38 11 58
40 11 59
42 11 64
43 11 51
44 11 61
45 11 62
46 11 51
47 11 58
48 11 60
49 11 65
50 11 57
52 11 57
53 11 56
54 11 56
55 11 56
56 11 58
57 11 51
58 11 59
59 11 64
61 11 61
62 11 63
63 11 63
64 11 66
65 11 53
66 11 60
67 11 59
71 11 48
74 11 57
81 11 45
82 11 43
86 11 51
87 11 50
89 11 61
3 12 80
8 12 85
13 12 83
14 12 83
18 12 82
20 12 90
49 12 88
71 12 79
104 12 61
1 13 57
2 13 54
4 13 65
8 13 63
9 13 67
11 13 62
14 13 60
15 13 63
16 13 64
17 13 56
18 13 59
19 13 58
20 13 74
21 13 67
22 13 67
23 13 63
24 13 74
25 13 72
26 13 59
27 13 55
29 13 65
30 13 63
31 13 59
32 13 64
33 13 65
34 13 63
35 13 64
36 13 63
37 13 64
38 13 64
39 13 54
40 13 64
42 13 69
43 13 57
44 13 66
45 13 67
46 13 56
47 13 64
48 13 65
49 13 70
50 13 62
52 13 62
53 13 61
54 13 61
55 13 61
56 13 63
57 13 56
58 13 64
59 13 69
61 13 66
62 13 68
63 13 68
64 13 70
65 13 59
66 13 65
67 13 65
74 13 62
80 13 45
81 13 50
82 13 49
86 13 56
87 13 56
89 13 66
104 13 33
1 14 55
2 14 52
3 14 53
4 14 63
7 14 59
8 14 61
9 14 65
10 14 50
11 14 59
13 14 57
15 14 61
16 14 62
17 14 54
18 14 56
19 14 56
20 14 72
21 14 65
22 14 65
23 14 61
24 14 72
25 14 70
26 14 57
28 14 68
29 14 63
30 14 61
31 14 57
32 14 62
33 14 62
34 14 61
35 14 62
36 14 61
37 14 62
38 14 62
40 14 62
42 14 67
43 14 55
44 14 64
45 14 65
46 14 54
47 14 61
48 14 63
49 14 68
50 14 60
52 14 60
53 14 59
54 14 59
55 14 59
56 14 61
57 14 54
58 14 62
59 14 67
60 14 54
61 14 64
62 14 66
63 14 66
64 14 69
65 14 56
66 14 63
67 14 62
71 14 51
74 14 60
81 14 48
82 14 46
86 14 54
87 14 53
89 14 64
104 14 31
1 15 48
2 15 44
3 15 45
4 15 56
7 15 52
8 15 54
9 15 58
10 15 43
11 15 52
12 15 29
13 15 50
14 15 50
16 15 54
17 15 46
18 15 49
19 15 48
20 15 66
21 15 58
22 15 58
23 15 54
24 15 66
25 15 63
26 15 50
27 15 45
29 15 55
30 15 54
31 15 50
32 15 54
33 15 55
34 15 54
35 15 55
36 15 54
37 15 55
38 15 54
39 15 45
40 15 55
42 15 60
43 15 47
44 15 57
45 15 58
46 15 47
47 15 54
48 15 56
49 15 61
50 15 53
51 15 67
52 15 53
56 15 54
57 15 46
58 15 55
59 15 60
60 15 47
61 15 57
62 15 60
63 15 59
64 15 62
65 15 49
66 15 56
67 15 55
71 15 44
74 15 53
81 15 41
82 15 39
86 15 46
87 15 46
89 15 57
1 16 39
2 16 36
3 16 37
4 16 47
6 16 35
7 16 43
8 16 45
9 16 49
10 16 34
11 16 43
12 16 22
13 16 41
14 16 41
15 16 44
17 16 38
18 16 40
19 16 39
20 16 57
21 16 48
22 16 49
23 16 45
24 16 57
25 16 54
26 16 41
28 16 52
29 16 46
30 16 45
31 16 41
32 16 45
33 16 46
34 16 45
35 16 46
36 16 45
37 16 46
38 16 45
39 16 36
40 16 46
42 16 51
43 16 38
44 16 48
45 16 49
46 16 38
47 16 45
48 16 47
49 16 52
50 16 44
51 16 59
52 16 44
53 16 43
54 16 43
55 16 43
56 16 45
57 16 38
58 16 46
59 16 51
60 16 38
61 16 48
62 16 51
63 16 50
64 16 53
65 16 40
66 16 47
67 16 46
71 16 35
74 16 43
75 16 36
79 16 19
80 16 28
81 16 32
82 16 31
86 16 38
87 16 37
88 16 37
89 16 48
104 16 19
4 17 64
6 17 52
7 17 60
8 17 62
9 17 65
11 17 60
13 17 58
14 17 58
15 17 61
16 17 62
18 17 57
19 17 56
20 17 73
21 17 65
22 17 65
24 17 73
25 17 70
26 17 58
30 17 62
31 17 58
32 17 62
33 17 63
34 17 62
35 17 63
36 17 62
37 17 63
38 17 62
40 17 63
42 17 68
44 17 65
45 17 65
46 17 55
47 17 62
48 17 64
49 17 68
50 17 61
52 17 61
53 17 60
54 17 60
55 17 60
56 17 62
57 17 55
58 17 62
59 17 67
60 17 55
61 17 65
62 17 67
63 17 66
64 17 69
65 17 57
67 17 63
74 17 61
86 17 55
87 17 54
89 17 64
2 18 52
3 18 53
4 18 63
6 18 52
8 18 61
9 18 65
10 18 50
11 18 59
12 18 36
13 18 57
14 18 58
15 18 61
16 18 62
17 18 54
19 18 56
20 18 72
21 18 65
22 18 65
23 18 61
24 18 72
25 18 70
26 18 57
29 18 63
30 18 61
31 18 57
32 18 62
33 18 62
34 18 61
35 18 62
36 18 61
37 18 62
38 18 62
39 18 52
40 18 62
42 18 67
43 18 55
44 18 64
45 18 65
46 18 54
47 18 61
48 18 63
49 18 68
50 18 60
51 18 73
52 18 60
53 18 59
54 18 59
55 18 59
56 18 61
57 18 54
58 18 62
59 18 67
60 18 54
61 18 64
62 18 66
63 18 66
64 18 69
65 18 56
66 18 63
67 18 62
87 18 53
89 18 64
4 19 63
6 19 52
7 19 59
8 19 61
9 19 65
10 19 50
11 19 60
13 19 57
14 19 58
16 19 62
17 19 54
18 19 57
20 19 72
21 19 65
22 19 65
23 19 61
24 19 72
25 19 70
26 19 57
27 19 53
30 19 61
32 19 62
33 19 63
34 19 61
35 19 62
36 19 61
37 19 62
38 19 62
39 19 52
40 19 62
43 19 55
44 19 64
45 19 65
46 19 54
47 19 62
48 19 63
49 19 68
52 19 60
53 19 59
54 19 59
55 19 59
56 19 61
57 19 54
59 19 67
61 19 64
62 19 67
63 19 66
64 19 69
65 19 57
66 19 63
67 19 63
74 19 60
79 19 32
81 19 48
82 19 47
86 19 54
87 19 53
88 19 54
89 19 64
3 20 50
4 20 61
6 20 49
8 20 59
9 20 62
11 20 57
13 20 55
16 20 59
17 20 51
18 20 54
19 20 53
21 20 62
22 20 62
23 20 59
24 20 70
25 20 68
27 20 50
29 20 60
30 20 59
31 20 55
32 20 59
33 20 60
34 20 59
35 20 60
36 20 58
37 20 60
38 20 59
40 20 59
41 20 28
42 20 65
44 20 62
45 20 62
46 20 52
47 20 59
48 20 61
49 20 65
50 20 58
52 20 57
53 20 57
54 20 57
55 20 57
56 20 58
57 20 51
58 20 59
59 20 64
61 20 62
62 20 64
63 20 63
64 20 66
65 20 54
67 20 60
71 20 49
82 20 44
86 20 51
87 20 51
3 21 60
4 21 70
8 21 68
9 21 71
10 21 58
11 21 66
13 21 64
20 21 78
22 21 71
24 21 78
25 21 76
29 21 69
31 21 64
32 21 68
33 21 69
34 21 68
35 21 69
36 21 68
37 21 69
38 21 69
40 21 69
42 21 74
44 21 71
45 21 71
46 21 62
47 21 68
48 21 70
49 21 74
50 21 67
52 21 67
53 21 66
54 21 66
55 21 66
56 21 68
57 21 61
58 21 69
59 21 73
61 21 71
62 21 73
63 21 72
64 21 75
67 21 69
86 21 61
3 22 48
4 22 58
8 22 56
9 22 60
10 22 45
11 22 54
13 22 52
14 22 53
15 22 56
16 22 57
17 22 49
18 22 51
19 22 50
20 22 68
21 22 60
23 22 56
24 22 68
25 22 65
26 22 52
27 22 48
29 22 58
30 22 56
32 22 57
33 22 57
34 22 56
35 22 57
36 22 56
37 22 57
38 22 57
40 22 57
42 22 63
43 22 49
44 22 59
45 22 60
46 22 49
47 22 56
48 22 58
49 22 63
50 22 55
51 22 69
52 22 55
53 22 54
54 22 54
55 22 54
56 22 56
57 22 49
58 22 57
59 22 62
60 22 49
61 22 59
62 22 62
63 22 61
64 22 64
65 22 51
66 22 58
67 22 58
71 22 46
74 22 55
80 22 38
86 22 49
89 22 59
3 23 56
4 23 66
8 23 65
9 23 68
11 23 63
13 23 61
18 23 60
19 23 59
20 23 75
21 23 68
22 23 68
24 23 75
25 23 73
27 23 56
29 23 66
30 23 65
32 23 65
33 23 66
34 23 65
35 23 65
36 23 64
37 23 65
38 23 65
39 23 56
40 23 65
42 23 70
44 23 67
45 23 68
46 23 58
47 23 65
48 23 66
49 23 71
50 23 64
52 23 63
58 23 65
59 23 70
61 23 67
62 23 70
63 23 69
64 23 72
65 23 60
66 23 66
67 23 66
74 23 63
81 23 52
87 23 57
89 23 67
1 24 39
3 24 37
4 24 47
6 24 36
7 24 43
8 24 45
9 24 49
10 24 34
11 24 43
13 24 41
14 24 42
15 24 45
16 24 46
17 24 38
18 24 40
19 24 40
20 24 57
21 24 49
22 24 49
23 24 45
25 24 55
26 24 41
27 24 37
29 24 47
30 24 45
31 24 41
32 24 45
33 24 46
34 24 45
35 24 46
36 24 45
37 24 46
38 24 46
40 24 46
41 24 18
42 24 52
43 24 39
44 24 48
45 24 49
46 24 38
47 24 45
48 24 47
49 24 52
50 24 44
51 24 59
52 24 44
53 24 43
54 24 43
55 24 43
56 24 45
57 24 38
58 24 46
59 24 51
60 24 38
61 24 48
62 24 51
63 24 50
64 24 53
65 24 40
66 24 47
67 24 46
71 24 35
74 24 44
80 24 28
86 24 38
87 24 37
89 24 48
1 25 38
2 25 35
3 25 36
4 25 46
6 25 35
7 25 42
8 25 44
9 25 48
10 25 34
11 25 42
12 25 22
13 25 40
14 25 41
15 25 44
16 25 45
17 25 37
18 25 39
19 25 39
20 25 56
21 25 48
22 25 48
23 25 44
24 25 57
26 25 40
27 25 36
29 25 46
30 25 44
31 25 40
32 25 45
33 25 45
34 25 44
35 25 45
36 25 44
37 25 45
38 25 45
39 25 35
40 25 45
41 25 18
42 25 51
43 25 38
44 25 47
45 25 48
46 25 37
47 25 44
48 25 46
49 25 51
50 25 43
51 25 58
52 25 43
53 25 42
54 25 42
55 25 42
56 25 44
57 25 37
58 25 45
59 25 50
60 25 37
61 25 47
62 25 50
63 25 49
64 25 52
65 25 39
66 25 46
67 25 46
71 25 34
74 25 43
75 25 36
80 25 27
81 25 32
82 25 30
83 25 91
86 25 37
87 25 36
88 25 37
89 25 47
104 25 18
1 26 48
2 26 45
3 26 46
4 26 56
6 26 44
7 26 52
8 26 54
9 26 58
11 26 52
12 26 30
13 26 50
14 26 51
15 26 54
16 26 55
17 26 47
18 26 49
19 26 49
20 26 66
21 26 58
22 26 58
23 26 54
24 26 66
25 26 63
27 26 46
29 26 56
30 26 54
31 26 50
32 26 55
33 26 56
34 26 54
35 26 55
36 26 54
37 26 55
39 26 45
40 26 55
42 26 61
43 26 48
44 26 57
45 26 58
46 26 47
47 26 54
48 26 56
49 26 61
50 26 53
51 26 67
52 26 53
53 26 52
54 26 52
56 26 54
57 26 47
58 26 55
59 26 60
61 26 57
62 26 60
63 26 59
64 26 62
65 26 49
66 26 56
67 26 56
71 26 44
74 26 53
80 26 36
81 26 41
82 26 40
86 26 47
87 26 46
89 26 57
1 27 49
2 27 45
3 27 46
4 27 57
6 27 45
7 27 53
8 27 55
9 27 58
11 27 53
13 27 51
14 27 51
15 27 54
16 27 55
17 27 47
18 27 50
19 27 49
20 27 67
21 27 58
22 27 59
23 27 55
24 27 67
25 27 64
26 27 51
29 27 56
30 27 55
31 27 51
32 27 55
33 27 56
34 27 55
36 27 55
38 27 55
39 27 46
40 27 55
42 27 61
44 27 58
45 27 59
46 27 48
47 27 55
48 27 57
49 27 62
50 27 54
51 27 68
52 27 53
53 27 53
54 27 53
55 27 53
56 27 54
57 27 47
58 27 55
59 27 61
61 27 58
62 27 60
63 27 60
64 27 63
65 27 50
66 27 57
67 27 56
71 27 45
74 27 53
75 27 46
79 27 26
81 27 42
82 27 40
86 27 47
89 27 58
14 28 14
20 28 24
24 28 24
29 28 17
49 28 20
1 29 57
3 29 55
4 29 65
8 29 63
9 29 66
11 29 61
13 29 59
14 29 60
18 29 58
20 29 74
21 29 66
22 29 67
23 29 63
24 29 74
25 29 71
27 29 55
30 29 63
32 29 63
33 29 64
34 29 63
35 29 64
36 29 63
37 29 64
38 29 64
40 29 64
42 29 69
44 29 66
45 29 67
46 29 56
47 29 63
48 29 65
49 29 69
50 29 62
52 29 62
53 29 61
54 29 61
55 29 61
56 29 63
57 29 56
58 29 64
59 29 69
61 29 66
62 29 68
63 29 68
64 29 70
65 29 58
66 29 65
71 29 53
81 29 50
89 29 66
3 30 48
4 30 58
6 30 47
8 30 57
9 30 60
10 30 45
11 30 55
13 30 52
14 30 53
15 30 56
16 30 57
17 30 49
18 30 52
19 30 51
20 30 68
21 30 60
22 30 60
23 30 56
24 30 68
25 30 66
29 30 58
31 30 52
32 30 57
33 30 58
34 30 57
35 30 57
36 30 56
37 30 57
38 30 57
40 30 57
41 30 26
42 30 63
44 30 59
45 30 60
46 30 49
47 30 57
48 30 58
49 30 63
50 30 55
51 30 69
52 30 55
53 30 54
54 30 54
55 30 54
56 30 56
57 30 49
58 30 57
59 30 62
60 30 49
61 30 59
62 30 62
63 30 61
64 30 64
65 30 52
66 30 58
67 30 58
81 30 43
82 30 42
87 30 48
89 30 59
2 31 44
3 31 46
4 31 56
6 31 44
7 31 52
8 31 54
9 31 58
11 31 52
13 31 50
14 31 50
15 31 53
16 31 55
17 31 47
18 31 49
19 31 48
20 31 66
21 31 58
22 31 58
23 31 54
24 31 66
25 31 63
26 31 50
27 31 46
29 31 56
30 31 54
32 31 54
33 31 55
34 31 54
35 31 55
36 31 54
37 31 55
42 31 61
43 31 47
44 31 57
45 31 58
46 31 47
47 31 54
48 31 56
49 31 61
50 31 53
52 31 53
53 31 52
54 31 52
55 31 52
56 31 54
57 31 47
58 31 55
59 31 60
61 31 57
62 31 60
63 31 59
64 31 62
65 31 49
66 31 56
67 31 55
71 31 44
74 31 53
75 31 45
79 31 26
80 31 36
82 31 39
86 31 47
87 31 46
89 31 57
104 31 25
2 32 47
3 32 48
4 32 58
6 32 47
8 32 57
9 32 60
10 32 45
11 32 55
13 32 52
14 32 53
15 32 56
16 32 57
17 32 49
18 32 52
20 32 68
21 32 60
22 32 60
23 32 56
24 32 68
25 32 66
26 32 52
29 32 58
30 32 57
31 32 52
33 32 58
34 32 57
35 32 58
36 32 56
37 32 57
38 32 57
40 32 57
41 32 26
42 32 63
43 32 50
44 32 59
45 32 60
46 32 49
47 32 57
48 32 59
49 32 63
50 32 56
51 32 70
52 32 55
53 32 54
54 32 54
55 32 54
56 32 56
57 32 49
58 32 57
59 32 62
60 32 49
61 32 59
62 32 62
63 32 61
64 32 64
65 32 52
66 32 58
67 32 58
71 32 46
74 32 55
80 32 38
82 32 42
87 32 49
89 32 59
2 33 48
3 33 49
4 33 59
8 33 57
9 33 61
10 33 46
11 33 55
13 33 53
14 33 54
15 33 57
16 33 58
17 33 50
18 33 52
20 33 69
21 33 61
22 33 61
23 33 57
24 33 69
25 33 66
26 33 53
27 33 49
29 33 59
30 33 57
32 33 58
34 33 57
35 33 58
36 33 57
37 33 58
38 33 58
40 33 58
41 33 27
42 33 63
43 33 51
44 33 60
45 33 61
47 33 57
48 33 59
49 33 64
50 33 56
52 33 56
53 33 55
54 33 55
55 33 55
56 33 57
57 33 50
58 33 58
59 33 63
60 33 50
61 33 60
62 33 63
63 33 62
64 33 65
65 33 52
66 33 59
67 33 59
71 33 47
80 33 39
86 33 50
89 33 60
2 34 48
3 34 49
4 34 60
8 34 58
9 34 61
10 34 47
11 34 56
13 34 54
14 34 54
15 34 57
16 34 58
17 34 50
18 34 53
20 34 69
21 34 61
22 34 61
23 34 58
24 34 69
25 34 67
26 34 54
29 34 59
30 34 58
32 34 58
33 34 59
35 34 59
36 34 57
37 34 59
38 34 58
40 34 58
41 34 27
42 34 64
43 34 51
44 34 61
45 34 62
46 34 51
47 34 58
48 34 60
49 34 65
50 34 57
51 34 71
52 34 56
53 34 56
54 34 56
55 34 56
56 34 57
57 34 50
58 34 58
59 34 64
60 34 51
61 34 61
62 34 63
63 34 63
64 34 65
65 34 53
66 34 60
67 34 59
71 34 48
74 34 56
79 34 29
80 34 39
81 34 45
87 34 50
89 34 60
2 35 48
3 35 49
4 35 60
9 35 61
10 35 47
11 35 56
13 35 54
14 35 54
16 35 58
17 35 50
18 35 53
20 35 69
21 35 61
22 35 61
23 35 58
24 35 69
25 35 67
26 35 54
29 35 59
30 35 58
31 35 54
32 35 58
33 35 59
34 35 58
36 35 57
37 35 59
38 35 58
40 35 58
41 35 27
42 35 64
43 35 51
44 35 61
45 35 62
47 35 58
48 35 60
49 35 65
50 35 57
51 35 70
52 35 56
53 35 56
54 35 56
55 35 56
56 35 57
57 35 50
58 35 58
59 35 64
60 35 51
61 35 61
62 35 63
63 35 63
64 35 65
65 35 53
66 35 60
67 35 59
71 35 48
74 35 56
80 35 39
81 35 45
89 35 60
2 36 47
3 36 48
4 36 58
6 36 46
9 36 60
10 36 45
11 36 54
13 36 52
14 36 53
15 36 56
16 36 57
17 36 49
18 36 51
19 36 50
20 36 68
21 36 60
22 36 60
23 36 56
24 36 68
25 36 65
26 36 52
29 36 58
30 36 56
31 36 52
32 36 57
33 36 57
34 36 56
35 36 57
37 36 57
38 36 57
40 36 57
41 36 26
42 36 63
43 36 50
44 36 59
45 36 60
46 36 49
47 36 56
48 36 58
49 36 63
50 36 55
51 36 69
52 36 55
53 36 54
54 36 54
55 36 54
56 36 56
57 36 49
58 36 57
59 36 62
60 36 49
61 36 59
62 36 62
63 36 61
64 36 64
65 36 51
66 36 58
67 36 58
71 36 46
74 36 55
80 36 38
81 36 43
86 36 49
89 36 59
2 37 48
3 37 49
4 37 59
8 37 58
9 37 61
10 37 46
11 37 56
13 37 53
14 37 54
16 37 58
17 37 50
18 37 53
20 37 69
21 37 61
22 37 61
23 37 57
24 37 69
25 37 66
26 37 53
29 37 59
30 37 57
31 37 53
32 37 58
33 37 59
34 37 58
35 37 58
36 37 57
38 37 58
39 37 48
40 37 58
41 37 27
42 37 64
43 37 51
44 37 60
45 37 61
47 37 58
48 37 59
49 37 64
50 37 56
51 37 70
52 37 56
53 37 55
54 37 55
55 37 55
56 37 57
57 37 50
58 37 58
59 37 63
60 37 50
61 37 60
62 37 63
63 37 62
64 37 65
65 37 53
67 37 59
71 37 47
74 37 56
80 37 39
87 37 49
89 37 60
3 38 51
4 38 62
8 38 60
9 38 63
10 38 49
11 38 58
13 38 56
14 38 56
15 38 59
16 38 60
17 38 52
18 38 55
20 38 71
21 38 63
22 38 63
23 38 60
24 38 71
25 38 68
29 38 61
30 38 60
32 38 60
33 38 61
34 38 60
35 38 61
36 38 59
37 38 61
40 38 60
41 38 29
42 38 66
43 38 53
44 38 62
45 38 63
46 38 53
47 38 60
48 38 62
49 38 66
50 38 59
52 38 58
53 38 58
54 38 58
55 38 58
56 38 59
57 38 52
58 38 60
59 38 65
60 38 53
61 38 62
62 38 65
63 38 64
64 38 67
65 38 55
66 38 61
67 38 61
71 38 50
80 38 41
82 38 45
89 38 62
18 39 78
20 39 88
21 39 84
25 39 87
37 39 82
42 39 85
58 39 82
59 39 85
64 39 86
2 40 48
3 40 49
4 40 59
9 40 61
10 40 46
11 40 56
13 40 53
14 40 54
16 40 58
17 40 50
18 40 53
20 40 69
21 40 61
22 40 61
23 40 57
24 40 69
25 40 66
26 40 53
27 40 49
29 40 59
30 40 58
32 40 58
33 40 59
34 40 58
35 40 58
36 40 57
37 40 58
38 40 58
41 40 27
42 40 64
43 40 51
44 40 60
45 40 61
47 40 58
48 40 59
49 40 64
50 40 56
51 40 70
52 40 56
53 40 55
54 40 55
55 40 55
56 40 57
57 40 50
58 40 58
59 40 63
60 40 50
61 40 60
62 40 63
63 40 62
64 40 65
65 40 53
66 40 59
67 40 59
71 40 47
74 40 56
80 40 39
82 40 43
89 40 60
2 41 69
3 41 70
9 41 79
20 41 84
21 41 79
23 41 76
24 41 84
25 41 83
30 41 77
32 41 77
33 41 77
34 41 77
35 41 77
36 41 76
37 41 77
38 41 77
40 41 77
44 41 79
45 41 79
47 41 77
48 41 78
49 41 81
57 41 71
61 41 79
62 41 80
63 41 80
64 41 82
65 41 73
67 41 77
71 41 68
82 41 64
104 41 48
1 42 41
2 42 38
3 42 39
4 42 49
6 42 38
7 42 45
8 42 47
9 42 51
10 42 36
11 42 45
13 42 43
14 42 44
15 42 47
16 42 48
17 42 40
18 42 42
19 42 42
20 42 59
21 42 51
22 42 51
23 42 47
24 42 60
25 42 57
26 42 43
27 42 39
29 42 49
30 42 47
31 42 43
32 42 48
33 42 49
34 42 47
35 42 48
36 42 47
37 42 48
38 42 48
39 42 38
40 42 48
43 42 41
44 42 50
45 42 51
46 42 40
47 42 47
48 42 49
49 42 54
50 42 46
51 42 61
52 42 46
53 42 45
54 42 45
55 42 45
56 42 47
57 42 40
58 42 48
59 42 53
60 42 40
61 42 50
62 42 53
63 42 52
64 42 55
65 42 42
66 42 49
67 42 49
71 42 37
74 42 46
75 42 39
80 42 30
81 42 35
82 42 33
86 42 40
87 42 39
89 42 50
1 43 48
2 43 44
3 43 45
4 43 56
6 43 44
7 43 52
8 43 54
9 43 57
10 43 43
11 43 52
13 43 50
14 43 50
16 43 54
17 43 46
18 43 49
19 43 48
20 43 66
21 43 57
22 43 58
23 43 54
24 43 66
25 43 63
26 43 50
29 43 55
30 43 54
31 43 50
32 43 54
33 43 55
34 43 54
35 43 55
36 43 54
37 43 55
38 43 54
40 43 55
42 43 60
44 43 57
45 43 58
46 43 47
47 43 54
48 43 56
49 43 61
50 43 53
51 43 67
52 43 52
53 43 52
54 43 52
55 43 52
56 43 53
57 43 46
58 43 54
59 43 60
60 43 47
61 43 57
62 43 59
63 43 59
64 43 62
65 43 49
66 43 56
67 43 55
71 43 44
74 43 52
75 43 45
79 43 25
80 43 35
81 43 41
82 43 39
86 43 46
87 43 46
89 43 57
2 44 46
3 44 47
4 44 58
6 44 46
7 44 53
8 44 56
9 44 59
10 44 44
11 44 54
13 44 51
14 44 52
15 44 55
16 44 56
18 44 51
19 44 50
20 44 67
21 44 59
22 44 59
23 44 55
24 44 67
25 44 65
29 44 57
30 44 56
31 44 51
32 44 56
33 44 57
34 44 56
35 44 57
36 44 55
37 44 56
38 44 56
39 44 46
40 44 56
41 44 25
42 44 62
45 44 59
46 44 48
47 44 56
48 44 58
49 44 63
50 44 55
51 44 69
52 44 54
53 44 53
54 44 53
55 44 53
56 44 55
57 44 48
58 44 56
59 44 61
60 44 48
61 44 59
62 44 61
63 44 60
64 44 63
65 44 51
66 44 57
67 44 57
71 44 45
74 44 54
82 44 41
89 44 58
104 44 26
1 45 45
2 45 42
3 45 43
4 45 53
6 45 42
8 45 52
9 45 55
10 45 40
11 45 50
13 45 47
14 45 48
15 45 51
16 45 52
17 45 44
18 45 47
19 45 46
20 45 64
21 45 55
22 45 55
23 45 51
24 45 64
25 45 61
26 45 47
27 45 43
29 45 53
30 45 52
31 45 47
32 45 52
33 45 53
34 45 52
35 45 52
36 45 51
37 45 52
38 45 52
39 45 42
40 45 52
41 45 22
42 45 58
43 45 45
44 45 54
46 45 44
47 45 52
48 45 53
49 45 59
50 45 51
51 45 65
52 45 50
53 45 49
54 45 49
55 45 49
56 45 51
57 45 44
58 45 52
59 45 58
60 45 44
61 45 54
62 45 57
63 45 56
64 45 60
65 45 47
66 45 53
67 45 53
71 45 41
74 45 50
79 45 24
80 45 33
81 45 39
82 45 37
89 45 54
104 45 23
2 46 59
3 46 60
4 46 70
9 46 71
11 46 67
13 46 64
14 46 65
16 46 69
17 46 61
18 46 64
19 46 63
20 46 78
21 46 71
22 46 71
23 46 68
24 46 78
25 46 76
29 46 70
30 46 68
31 46 65
32 46 69
33 46 69
34 46 68
35 46 69
36 46 68
37 46 69
38 46 69
40 46 69
42 46 74
43 46 62
44 46 71
45 46 72
47 46 68
48 46 70
49 46 74
50 46 67
52 46 67
57 46 61
58 46 69
59 46 73
61 46 71
62 46 73
63 46 72
64 46 75
65 46 64
66 46 70
67 46 69
71 46 59
74 46 67
81 46 56
87 46 61
89 46 71
104 46 38
2 47 48
3 47 49
4 47 60
6 47 48
8 47 58
9 47 61
10 47 47
11 47 56
13 47 54
14 47 54
16 47 58
17 47 50
18 47 53
19 47 52
20 47 69
21 47 61
22 47 62
23 47 58
24 47 69
25 47 67
27 47 49
29 47 59
30 47 58
31 47 54
32 47 58
33 47 59
34 47 58
35 47 59
36 47 58
37 47 59
38 47 58
40 47 59
41 47 27
42 47 64
44 47 61
45 47 62
46 47 51
48 47 60
49 47 65
50 47 57
51 47 71
52 47 57
53 47 56
54 47 56
55 47 56
56 47 58
57 47 50
58 47 59
59 47 64
60 47 51
61 47 61
62 47 63
63 47 63
64 47 66
65 47 53
66 47 60
67 47 59
71 47 48
74 47 57
80 47 39
81 47 45
86 47 50
87 47 50
89 47 61
104 47 28
2 48 45
3 48 46
4 48 57
6 48 45
8 48 55
9 48 58
10 48 44
11 48 53
12 48 30
13 48 50
14 48 51
15 48 54
16 48 55
17 48 47
18 48 50
19 48 49
20 48 66
21 48 58
22 48 58
23 48 55
24 48 67
25 48 64
26 48 51
29 48 56
30 48 55
31 48 51
32 48 55
33 48 56
34 48 55
35 48 56
36 48 54
37 48 56
38 48 55
40 48 55
41 48 25
42 48 61
44 48 58
45 48 59
46 48 48
47 48 55
49 48 62
50 48 54
51 48 68
52 48 53
53 48 53
54 48 53
55 48 53
56 48 54
57 48 47
58 48 55
59 48 61
60 48 48
61 48 58
62 48 60
63 48 60
64 48 63
65 48 50
66 48 57
67 48 56
71 48 44
74 48 53
75 48 46
81 48 42
87 48 47
89 48 57
104 48 25
1 49 39
2 49 36
3 49 37
4 49 47
5 49 12
6 49 36
7 49 43
8 49 45
9 49 49
10 49 34
11 49 43
12 49 22
13 49 41
14 49 41
15 49 44
16 49 45
17 49 38
18 49 40
19 49 39
20 49 57
21 49 49
22 49 49
23 49 45
24 49 57
25 49 54
26 49 41
27 49 37
29 49 46
30 49 45
31 49 41
32 49 45
33 49 46
34 49 45
35 49 46
36 49 45
37 49 46
38 49 45
40 49 46
41 49 18
42 49 51
43 49 38
44 49 48
45 49 49
46 49 38
47 49 45
48 49 47
50 49 44
51 49 59
52 49 44
53 49 43
54 49 43
55 49 43
56 49 45
57 49 38
58 49 46
59 49 51
60 49 38
61 49 48
62 49 51
63 49 50
64 49 53
65 49 40
66 49 47
67 49 46
71 49 35
74 49 44
75 49 36
79 49 19
80 49 28
81 49 32
82 49 31
86 49 38
87 49 37
89 49 48
104 49 19
1 50 51
2 50 47
3 50 49
4 50 59
6 50 47
7 50 55
8 50 57
9 50 61
10 50 46
11 50 55
12 50 32
13 50 53
14 50 54
15 50 57
16 50 58
17 50 50
18 50 52
19 50 51
20 50 69
21 50 61
22 50 61
23 50 57
24 50 69
25 50 66
26 50 53
29 50 59
30 50 57
31 50 53
32 50 57
33 50 58
34 50 57
35 50 58
36 50 57
37 50 58
38 50 58
40 50 58
42 50 63
43 50 50
44 50 60
45 50 61
46 50 50
47 50 57
48 50 59
49 50 64
51 50 70
52 50 56
53 50 55
54 50 55
55 50 55
56 50 57
57 50 50
58 50 58
59 50 63
60 50 50
61 50 60
62 50 63
63 50 62
64 50 65
65 50 52
66 50 59
67 50 58
71 50 47
74 50 56
80 50 39
81 50 44
87 50 49
89 50 60
104 50 27
1 51 58
3 51 55
8 51 64
10 51 53
16 51 64
18 51 59
20 51 74
21 51 67
24 51 74
25 51 72
32 51 64
33 51 65
34 51 64
35 51 64
36 51 63
37 51 64
38 51 64
39 51 55
40 51 64
42 51 69
44 51 66
45 51 67
46 51 57
47 51 64
48 51 65
49 51 70
50 51 63
58 51 64
59 51 69
61 51 66
63 51 68
64 51 71
67 51 65
71 51 54
82 51 49
86 51 56
87 51 56
1 52 54
2 52 50
3 52 51
4 52 62
6 52 50
8 52 60
9 52 63
10 52 49
11 52 58
13 52 56
14 52 56
15 52 59
16 52 60
17 52 52
18 52 55
19 52 54
20 52 71
21 52 63
22 52 63
23 52 60
24 52 71
25 52 69
26 52 56
27 52 51
29 52 61
30 52 60
31 52 56
32 52 60
33 52 61
34 52 60
35 52 61
36 52 59
37 52 61
38 52 60
40 52 60
42 52 66
43 52 53
44 52 63
45 52 63
46 52 53
47 52 60
48 52 62
49 52 66
50 52 59
51 52 72
53 52 58
54 52 58
55 52 58
56 52 59
57 52 52
58 52 60
59 52 65
60 52 53
61 52 63
62 52 65
63 52 64
64 52 67
65 52 55
66 52 62
67 52 61
86 52 52
87 52 52
89 52 62
1 53 50
2 53 47
3 53 48
6 53 47
8 53 57
9 53 60
10 53 45
11 53 55
12 53 32
13 53 52
14 53 53
15 53 56
16 53 57
17 53 49
18 53 52
20 53 68
21 53 60
22 53 60
23 53 56
24 53 68
25 53 66
26 53 52
27 53 48
29 53 58
30 53 57
31 53 52
32 53 57
33 53 58
34 53 57
35 53 57
36 53 56
37 53 57
38 53 57
40 53 57
42 53 63
43 53 50
44 53 59
45 53 60
46 53 49
47 53 57
48 53 58
49 53 63
50 53 55
51 53 69
52 53 55
54 53 54
55 53 54
56 53 56
57 53 49
58 53 57
59 53 62
60 53 49
61 53 59
62 53 62
63 53 61
64 53 64
65 53 52
66 53 58
67 53 58
71 53 46
82 53 42
86 53 49
87 53 48
89 53 59
1 54 50
2 54 47
3 54 48
6 54 47
8 54 57
9 54 60
10 54 45
11 54 55
12 54 31
13 54 52
14 54 53
16 54 57
17 54 49
18 54 52
20 54 68
21 54 60
22 54 60
23 54 56
24 54 68
25 54 66
26 54 52
27 54 48
29 54 58
30 54 56
31 54 52
32 54 57
33 54 58
34 54 57
35 54 57
36 54 56
37 54 57
38 54 57
40 54 57
42 54 63
43 54 50
44 54 59
45 54 60
46 54 49
47 54 57
48 54 58
49 54 63
50 54 55
51 54 69
52 54 55
53 54 54
55 54 54
56 54 56
58 54 57
59 54 62
60 54 49
61 54 59
62 54 62
63 54 61
64 54 64
65 54 51
66 54 58
67 54 58
71 54 46
74 54 55
81 54 43
82 54 42
86 54 49
87 54 48
89 54 59
1 55 49
2 55 46
3 55 47
6 55 46
8 55 56
9 55 59
10 55 44
11 55 54
12 55 31
13 55 51
14 55 52
16 55 56
17 55 48
18 55 51
19 55 50
20 55 67
21 55 59
22 55 59
23 55 55
24 55 67
25 55 65
27 55 47
29 55 57
30 55 55
31 55 51
32 55 56
33 55 57
34 55 56
35 55 56
36 55 55
37 55 56
38 55 56
40 55 56
42 55 62
43 55 49
44 55 58
45 55 59
46 55 48
47 55 56
48 55 57
49 55 62
50 55 54
51 55 68
52 55 54
53 55 53
54 55 53
56 55 55
58 55 56
59 55 61
60 55 48
61 55 58
62 55 61
63 55 60
64 55 63
65 55 50
66 55 57
67 55 57
71 55 45
74 55 54
81 55 42
82 55 41
86 55 48
87 55 47
89 55 58
1 56 44
2 56 41
3 56 42
4 56 52
6 56 41
7 56 48
8 56 51
9 56 54
10 56 39
11 56 49
12 56 27
13 56 46
14 56 47
15 56 50
16 56 51
17 56 43
18 56 46
19 56 45
20 56 63
21 56 54
22 56 54
23 56 50
24 56 63
25 56 60
26 56 46
27 56 42
29 56 52
30 56 51
31 56 46
32 56 51
33 56 52
34 56 51
35 56 51
36 56 50
37 56 51
38 56 51
39 56 41
40 56 51
42 56 57
43 56 44
44 56 53
45 56 54
46 56 43
47 56 51
48 56 52
49 56 58
50 56 49
51 56 64
52 56 49
53 56 48
54 56 48
55 56 48
57 56 43
58 56 51
59 56 57
60 56 43
61 56 53
62 56 56
63 56 55
64 56 59
65 56 46
66 56 52
67 56 52
71 56 40
74 56 49
75 56 42
80 56 33
81 56 38
82 56 36
83 56 93
86 56 43
87 56 43
89 56 53
1 57 57
2 57 53
3 57 55
4 57 65
6 57 53
8 57 63
9 57 66
10 57 52
11 57 61
13 57 59
14 57 59
15 57 62
16 57 63
17 57 56
18 57 58
19 57 57
20 57 74
21 57 66
22 57 66
23 57 63
24 57 74
25 57 71
26 57 59
27 57 55
29 57 64
30 57 63
31 57 59
32 57 63
33 57 64
34 57 63
35 57 64
36 57 63
37 57 64
38 57 63
39 57 54
40 57 64
41 57 32
42 57 69
43 57 56
44 57 66
45 57 66
46 57 56
47 57 63
48 57 65
49 57 69
50 57 62
52 57 62
58 57 63
59 57 68
60 57 56
61 57 66
62 57 68
63 57 67
64 57 70
65 57 58
66 57 65
67 57 64
71 57 53
81 57 50
82 57 48
86 57 56
87 57 55
89 57 65
104 57 32
1 58 50
2 58 47
3 58 48
4 58 58
8 58 57
9 58 60
10 58 45
11 58 55
12 58 31
13 58 52
14 58 53
15 58 56
16 58 57
17 58 49
18 58 52
19 58 51
20 58 68
21 58 60
22 58 60
23 58 56
24 58 68
25 58 66
26 58 52
27 58 48
29 58 58
30 58 56
31 58 52
32 58 57
33 58 58
34 58 57
35 58 57
36 58 56
37 58 57
38 58 57
39 58 47
40 58 57
42 58 63
43 58 50
44 58 59
45 58 60
46 58 49
47 58 57
48 58 58
49 58 63
50 58 55
51 58 69
52 58 55
53 58 54
54 58 54
55 58 54
56 58 56
57 58 49
59 58 62
60 58 49
61 58 59
62 58 62
63 58 61
64 58 64
65 58 51
66 58 58
67 58 58
71 58 46
74 58 55
79 58 27
81 58 43
86 58 49
87 58 48
89 58 59
104 58 27
1 59 40
2 59 37
3 59 38
4 59 48
6 59 37
7 59 44
8 59 46
9 59 50
10 59 36
11 59 44
13 59 42
14 59 43
15 59 46
16 59 47
17 59 39
18 59 42
19 59 41
20 59 59
21 59 50
22 59 50
23 59 46
24 59 59
25 59 56
26 59 42
27 59 38
29 59 48
30 59 46
31 59 42
32 59 47
33 59 48
34 59 47
35 59 47
36 59 46
37 59 47
38 59 47
39 59 37
40 59 47
42 59 53
43 59 40
44 59 49
45 59 50
46 59 39
47 59 47
48 59 48
49 59 54
50 59 45
51 59 60
52 59 45
53 59 44
54 59 44
55 59 44
56 59 46
57 59 39
58 59 47
60 59 39
61 59 49
62 59 52
63 59 51
64 59 54
65 59 41
66 59 48
67 59 48
71 59 36
74 59 45
75 59 38
79 59 20
80 59 29
81 59 34
82 59 32
86 59 39
87 59 39
88 59 39
89 59 49
104 59 20
3 60 54
6 60 53
8 60 63
9 60 66
13 60 58
14 60 59
15 60 62
16 60 63
17 60 55
18 60 58
20 60 73
21 60 66
22 60 66
24 60 73
25 60 71
30 60 63
32 60 63
33 60 64
34 60 63
35 60 63
36 60 62
37 60 63
38 60 63
40 60 63
42 60 68
43 60 56
44 60 65
45 60 66
46 60 56
47 60 63
48 60 64
49 60 69
50 60 62
51 60 74
52 60 61
53 60 60
54 60 60
55 60 60
56 60 62
57 60 55
58 60 63
59 60 68
61 60 65
62 60 68
63 60 67
64 60 70
65 60 58
66 60 64
67 60 64
71 60 53
80 60 44
86 60 55
89 60 65
3 61 47
4 61 58
6 61 46
8 61 56
9 61 59
10 61 45
11 61 54
13 61 51
14 61 52
15 61 55
16 61 56
17 61 48
18 61 51
19 61 50
20 61 67
21 61 59
22 61 59
23 61 56
24 61 67
25 61 65
29 61 57
30 61 56
31 61 52
32 61 56
33 61 57
34 61 56
35 61 57
36 61 55
37 61 57
38 61 56
39 61 47
40 61 56
41 61 25
42 61 62
44 61 59
45 61 60
46 61 49
47 61 56
48 61 58
49 61 63
50 61 55
51 61 69
52 61 54
53 61 53
54 61 54
55 61 53
56 61 55
57 61 48
58 61 56
59 61 62
60 61 48
62 61 61
63 61 61
64 61 63
65 61 51
66 61 58
67 61 57
71 61 45
74 61 54
80 61 37
81 61 43
82 61 41
89 61 58
2 62 41
3 62 42
4 62 53
6 62 41
8 62 51
9 62 55
10 62 40
11 62 49
13 62 47
14 62 47
15 62 50
16 62 52
17 62 44
18 62 46
19 62 45
20 62 63
21 62 55
22 62 55
23 62 51
24 62 63
25 62 60
26 62 47
29 62 52
30 62 51
31 62 47
32 62 51
33 62 52
34 62 51
35 62 52
36 62 51
37 62 52
38 62 51
39 62 42
40 62 52
41 62 22
42 62 58
44 62 54
45 62 55
46 62 44
47 62 51
48 62 53
49 62 58
50 62 50
51 62 65
52 62 50
53 62 49
54 62 49
55 62 49
56 62 51
57 62 44
58 62 52
59 62 57
60 62 44
61 62 54
63 62 56
64 62 59
65 62 46
66 62 53
67 62 52
71 62 41
74 62 50
80 62 33
81 62 38
82 62 36
86 62 44
89 62 54
3 63 43
4 63 53
6 63 42
9 63 55
10 63 40
11 63 49
13 63 47
14 63 48
15 63 51
16 63 52
17 63 44
18 63 47
19 63 46
20 63 63
21 63 55
22 63 55
23 63 51
24 63 64
25 63 61
26 63 47
29 63 53
30 63 51
31 63 47
32 63 52
33 63 53
34 63 51
35 63 52
36 63 51
37 63 52
38 63 52
40 63 52
41 63 22
42 63 58
44 63 54
45 63 55
46 63 44
47 63 52
48 63 53
49 63 58
50 63 50
51 63 65
52 63 50
53 63 49
54 63 49
55 63 49
56 63 51
57 63 44
58 63 52
59 63 57
60 63 44
61 63 54
62 63 57
64 63 59
65 63 46
66 63 53
67 63 53
71 63 41
74 63 50
80 63 33
81 63 38
82 63 37
87 63 43
89 63 54
1 64 43
2 64 40
3 64 41
4 64 51
6 64 40
8 64 49
9 64 53
10 64 38
11 64 47
13 64 45
14 64 46
15 64 49
16 64 50
17 64 42
18 64 44
19 64 44
20 64 61
21 64 53
22 64 53
23 64 49
24 64 62
25 64 59
26 64 45
29 64 51
30 64 49
31 64 45
32 64 50
33 64 51
34 64 49
35 64 50
36 64 49
37 64 50
38 64 50
39 64 40
40 64 50
41 64 21
42 64 56
44 64 52
45 64 53
46 64 42
47 64 49
48 64 51
49 64 56
50 64 48
51 64 63
52 64 48
53 64 47
54 64 47
55 64 47
56 64 49
57 64 42
58 64 50
59 64 55
60 64 42
61 64 52
62 64 55
63 64 54
65 64 44
66 64 51
67 64 51
71 64 39
74 64 48
80 64 31
81 64 36
89 64 52
3 65 52
4 65 62
6 65 51
7 65 58
8 65 61
9 65 64
10 65 49
11 65 59
13 65 56
14 65 57
15 65 60
16 65 61
17 65 53
18 65 56
19 65 55
20 65 71
21 65 64
22 65 64
23 65 60
24 65 72
25 65 69
26 65 56
27 65 52
28 65 67
29 65 62
30 65 60
31 65 56
32 65 61
33 65 62
34 65 61
35 65 61
36 65 60
37 65 61
38 65 61
40 65 61
41 65 29
42 65 67
44 65 63
45 65 64
46 65 53
47 65 61
48 65 62
49 65 67
50 65 59
51 65 73
52 65 59
53 65 58
54 65 58
55 65 58
56 65 60
57 65 53
58 65 61
59 65 66
60 65 53
61 65 63
62 65 66
63 65 65
64 65 68
66 65 62
67 65 62
74 65 59
80 65 42
86 65 53
87 65 53
89 65 63
4 66 62
8 66 61
9 66 64
10 66 50
11 66 59
13 66 57
15 66 60
16 66 61
18 66 56
19 66 55
20 66 72
21 66 64
22 66 64
23 66 61
24 66 72
25 66 69
29 66 62
30 66 61
32 66 61
33 66 62
34 66 61
35 66 62
36 66 60
37 66 61
38 66 61
40 66 61
42 66 67
43 66 54
44 66 63
45 66 64
47 66 61
48 66 62
49 66 67
50 66 60
52 66 59
53 66 59
54 66 59
55 66 59
56 66 60
57 66 53
58 66 61
59 66 66
60 66 54
61 66 63
62 66 66
63 66 65
64 66 68
65 66 56
67 66 62
74 66 59
81 66 48
86 66 53
89 66 63
1 67 46
2 67 43
3 67 44
5 67 16
7 67 50
8 67 52
9 67 56
10 67 41
11 67 50
12 67 28
13 67 48
14 67 49
15 67 52
16 67 53
17 67 45
18 67 47
19 67 46
20 67 64
21 67 56
22 67 56
23 67 52
24 67 64
25 67 62
26 67 48
27 67 44
29 67 54
30 67 52
31 67 48
32 67 53
33 67 53
34 67 52
35 67 53
36 67 52
37 67 53
38 67 53
40 67 53
41 67 23
42 67 59
43 67 46
44 67 55
45 67 56
46 67 45
47 67 52
48 67 54
49 67 59
50 67 51
51 67 66
52 67 51
53 67 50
54 67 50
55 67 50
56 67 52
57 67 45
58 67 53
59 67 58
60 67 45
61 67 55
62 67 58
63 67 57
64 67 60
65 67 47
66 67 54
71 67 42
74 67 51
79 67 24
80 67 34
81 67 39
82 67 38
86 67 45
87 67 44
88 67 44
89 67 55
104 67 23
9 68 44
87 68 33
104 68 16
104 69 11
1 70 30
2 70 28
3 70 29
4 70 38
5 70 9
6 70 28
7 70 34
8 70 36
9 70 39
10 70 26
11 70 34
13 70 32
14 70 33
15 70 35
16 70 36
17 70 29
18 70 32
19 70 31
20 70 48
21 70 39
22 70 40
23 70 36
24 70 48
25 70 45
26 70 32
27 70 29
29 70 37
30 70 36
31 70 32
32 70 36
33 70 37
35 70 37
36 70 36
37 70 37
38 70 36
40 70 37
41 70 13
42 70 42
43 70 30
44 70 39
45 70 40
46 70 30
47 70 36
48 70 38
49 70 43
50 70 35
52 70 35
56 70 36
57 70 29
58 70 37
59 70 42
60 70 30
61 70 39
62 70 41
63 70 41
64 70 44
65 70 32
66 70 38
67 70 37
71 70 27
73 70 24
74 70 35
75 70 28
79 70 14
80 70 21
81 70 25
82 70 24
86 70 29
87 70 29
88 70 29
89 70 39
104 70 14
1 71 57
2 71 54
3 71 55
4 71 65
5 71 23
6 71 54
8 71 63
9 71 67
10 71 52
11 71 62
12 71 38
13 71 59
14 71 60
15 71 63
16 71 64
17 71 56
18 71 59
19 71 58
20 71 74
21 71 67
22 71 67
23 71 63
24 71 74
25 71 72
27 71 55
28 71 70
29 71 65
30 71 63
31 71 59
32 71 64
33 71 65
34 71 63
35 71 64
36 71 63
37 71 64
38 71 64
40 71 64
41 71 32
42 71 69
44 71 66
45 71 67
46 71 56
47 71 64
48 71 65
49 71 70
50 71 62
51 71 75
52 71 62
53 71 61
54 71 61
55 71 61
56 71 63
58 71 64
59 71 69
60 71 56
61 71 66
62 71 68
63 71 68
64 71 71
65 71 59
66 71 65
67 71 65
81 71 50
82 71 49
86 71 56
89 71 66
104 71 33
2 72 70
3 72 71
4 72 79
8 72 77
11 72 76
13 72 74
14 72 75
15 72 77
17 72 72
19 72 73
20 72 85
21 72 80
22 72 80
24 72 85
49 72 82
56 72 77
66 72 79
67 72 78
71 72 69
74 72 76
89 72 79
104 72 49
1 73 7
2 73 6
3 73 6
4 73 9
5 73 2
6 73 6
7 73 8
8 73 8
9 73 9
10 73 5
11 73 8
12 73 3
13 73 7
14 73 7
15 73 8
16 73 8
17 73 6
18 73 7
19 73 7
20 73 13
21 73 9
22 73 9
23 73 8
24 73 13
25 73 12
26 73 7
27 73 6
29 73 9
30 73 8
31 73 7
32 73 8
33 73 9
35 73 9
36 73 8
37 73 8
38 73 8
40 73 8
41 73 2
42 73 10
43 73 6
44 73 9
45 73 9
46 73 6
47 73 8
48 73 9
49 73 11
50 73 8
51 73 14
52 73 8
53 73 8
54 73 8
55 73 8
56 73 8
57 73 6
58 73 8
59 73 10
60 73 6
61 73 9
62 73 10
63 73 10
64 73 11
65 73 7
66 73 9
67 73 9
68 73 4
69 73 5
70 73 1
71 73 6
74 73 8
75 73 6
79 73 3
80 73 4
81 73 5
82 73 5
83 73 53
86 73 6
87 73 6
88 73 6
89 73 9
96 73 7
97 73 14
98 73 7
99 73 8
101 73 6
104 73 2
1 74 39
2 74 36
3 74 37
4 74 47
6 74 36
7 74 43
8 74 45
9 74 49
10 74 35
11 74 43
12 74 23
13 74 41
14 74 42
15 74 45
16 74 46
17 74 38
18 74 40
19 74 40
20 74 58
21 74 49
22 74 49
23 74 45
24 74 58
25 74 55
26 74 41
29 74 47
30 74 45
31 74 41
32 74 46
33 74 47
34 74 45
35 74 46
36 74 45
37 74 46
38 74 46
39 74 36
40 74 46
42 74 52
43 74 39
44 74 48
45 74 49
46 74 38
47 74 45
48 74 47
49 74 52
50 74 44
51 74 59
52 74 44
56 74 45
57 74 38
58 74 46
59 74 51
60 74 38
61 74 48
62 74 51
63 74 50
64 74 53
65 74 40
66 74 47
67 74 47
71 74 35
75 74 37
79 74 19
80 74 28
81 74 33
82 74 31
86 74 38
87 74 37
89 74 48
104 74 19
1 75 37
2 75 34
3 75 35
4 75 45
6 75 34
7 75 41
8 75 44
9 75 47
10 75 33
11 75 42
13 75 39
14 75 40
15 75 43
16 75 44
17 75 36
18 75 39
19 75 38
20 75 56
21 75 47
22 75 47
23 75 43
24 75 56
25 75 53
26 75 39
27 75 35
29 75 45
30 75 43
31 75 39
32 75 44
33 75 45
34 75 44
35 75 44
36 75 43
37 75 44
38 75 44
39 75 35
40 75 44
42 75 50
43 75 37
44 75 46
45 75 47
46 75 37
47 75 44
48 75 45
49 75 51
50 75 42
51 75 57
52 75 42
56 75 43
57 75 36
58 75 44
59 75 49
60 75 37
61 75 46
62 75 49
63 75 48
64 75 51
65 75 39
66 75 45
67 75 45
71 75 34
74 75 42
79 75 18
80 75 27
81 75 31
82 75 30
86 75 36
87 75 36
88 75 36
89 75 46
104 75 18
8 76 72
13 76 69
14 76 69
18 76 68
20 76 81
21 76 75
24 76 81
25 76 79
27 76 65
30 76 72
32 76 73
35 76 73
42 76 77
43 76 67
44 76 75
45 76 75
46 76 66
47 76 72
48 76 74
49 76 78
50 76 71
52 76 71
53 76 70
54 76 70
55 76 70
56 76 72
58 76 73
59 76 77
61 76 75
62 76 77
63 76 76
64 76 78
67 76 73
86 76 66
89 76 74
104 76 42
3 77 54
8 77 63
9 77 66
10 77 52
11 77 61
13 77 59
14 77 59
16 77 63
18 77 58
20 77 73
21 77 66
22 77 66
23 77 62
24 77 73
25 77 71
26 77 59
27 77 54
29 77 64
30 77 63
31 77 59
32 77 63
33 77 64
34 77 63
35 77 63
36 77 62
37 77 63
38 77 63
40 77 63
42 77 69
43 77 56
44 77 65
45 77 66
46 77 56
47 77 63
48 77 64
49 77 69
50 77 62
51 77 75
52 77 61
53 77 60
54 77 61
55 77 60
56 77 62
57 77 55
58 77 63
59 77 68
61 77 65
62 77 68
63 77 67
64 77 70
65 77 58
66 77 64
67 77 64
71 77 53
74 77 61
79 77 33
86 77 55
89 77 65
104 77 32
104 78 55
2 79 59
3 79 60
4 79 70
7 79 66
8 79 68
9 79 71
10 79 58
11 79 67
13 79 64
14 79 65
16 79 69
18 79 64
20 79 78
21 79 71
22 79 71
23 79 68
24 79 78
25 79 76
26 79 65
27 79 60
28 79 74
29 79 70
30 79 68
31 79 65
32 79 69
33 79 69
34 79 68
35 79 69
36 79 68
37 79 69
38 79 69
40 79 69
42 79 74
44 79 71
45 79 72
47 79 68
48 79 70
49 79 74
52 79 67
53 79 66
54 79 66
55 79 66
56 79 68
58 79 69
59 79 73
60 79 62
61 79 71
62 79 73
63 79 72
64 79 75
65 79 64
66 79 70
67 79 69
71 79 59
81 79 56
82 79 54
87 79 61
104 79 38
2 80 60
4 80 70
8 80 69
9 80 72
10 80 58
11 80 67
13 80 65
14 80 65
16 80 69
20 80 78
21 80 71
22 80 72
23 80 68
24 80 78
25 80 76
26 80 65
29 80 70
30 80 68
31 80 65
32 80 69
33 80 70
34 80 69
35 80 69
36 80 68
37 80 69
38 80 69
40 80 69
42 80 74
43 80 62
44 80 71
45 80 72
46 80 62
47 80 69
48 80 70
49 80 74
50 80 68
52 80 67
53 80 66
54 80 67
55 80 66
56 80 68
57 80 62
58 80 69
59 80 73
60 80 62
61 80 71
62 80 73
63 80 73
64 80 75
65 80 64
66 80 70
67 80 70
82 80 54
86 80 62
87 80 61
89 80 71
104 80 38
2 81 56
3 81 57
4 81 67
6 81 56
7 81 63
9 81 69
10 81 55
11 81 64
13 81 62
14 81 62
15 81 65
16 81 66
18 81 61
19 81 60
20 81 76
21 81 69
22 81 69
23 81 65
24 81 76
25 81 74
26 81 62
29 81 67
30 81 65
32 81 66
33 81 67
34 81 66
35 81 66
36 81 65
37 81 66
38 81 66
40 81 66
42 81 71
43 81 59
44 81 68
45 81 69
46 81 59
47 81 66
48 81 67
49 81 72
50 81 65
52 81 64
57 81 58
58 81 66
59 81 71
61 81 68
62 81 70
63 81 70
64 81 72
65 81 61
66 81 67
67 81 67
71 81 56
74 81 64
82 81 51
87 81 58
89 81 68
104 81 35
1 82 60
2 82 56
3 82 57
4 82 67
6 82 56
8 82 66
9 82 69
10 82 55
11 82 64
13 82 62
14 82 62
15 82 65
16 82 66
17 82 58
18 82 61
20 82 76
21 82 69
22 82 69
24 82 76
25 82 74
26 82 62
29 82 67
30 82 65
31 82 62
32 82 66
33 82 67
34 82 66
35 82 66
36 82 65
37 82 66
38 82 66
40 82 66
41 82 34
42 82 71
43 82 59
44 82 68
45 82 69
47 82 66
48 82 67
49 82 72
50 82 65
51 82 77
52 82 64
57 82 58
58 82 66
59 82 71
61 82 68
62 82 70
63 82 70
64 82 72
65 82 61
66 82 67
67 82 67
71 82 56
74 82 64
80 82 47
81 82 53
86 82 58
87 82 58
89 82 68
104 82 35
4 83 3
7 83 2
9 83 3
10 83 2
11 83 2
12 83 1
15 83 2
18 83 2
19 83 2
20 83 4
21 83 3
22 83 3
23 83 2
24 83 4
25 83 4
26 83 2
27 83 2
29 83 3
31 83 2
39 83 2
42 83 3
43 83 2
49 83 3
51 83 4
57 83 2
59 83 3
65 83 2
66 83 3
73 83 1
74 83 2
78 83 1
80 83 1
81 83 1
82 83 1
87 83 2
95 83 3
96 83 2
97 83 4
98 83 2
99 83 2
100 83 1
101 83 2
102 83 2
103 83 3
104 83 1
9 84 19
22 84 19
83 84 72
96 84 15
97 84 27
98 84 15
104 84 5
7 85 28
13 85 26
20 85 41
22 85 33
27 85 23
32 85 30
33 85 31
34 85 30
35 85 31
36 85 30
38 85 30
40 85 31
42 85 36
45 85 33
52 85 29
53 85 28
54 85 28
55 85 28
56 85 30
59 85 35
60 85 24
64 85 37
67 85 31
78 85 14
87 85 24
104 85 11
2 86 43
3 86 44
4 86 54
6 86 43
7 86 50
8 86 53
9 86 56
11 86 51
12 86 28
13 86 48
14 86 49
15 86 52
16 86 53
18 86 48
19 86 47
20 86 64
21 86 56
22 86 56
23 86 52
24 86 65
25 86 62
26 86 48
27 86 44
29 86 54
30 86 53
31 86 48
32 86 53
33 86 54
34 86 53
35 86 53
36 86 52
37 86 53
38 86 53
39 86 43
40 86 53
42 86 59
43 86 46
44 86 55
45 86 56
46 86 45
47 86 53
48 86 54
49 86 60
50 86 51
51 86 66
52 86 51
53 86 50
54 86 50
55 86 50
56 86 52
57 86 45
58 86 53
59 86 58
60 86 45
61 86 55
62 86 58
63 86 57
64 86 60
65 86 48
66 86 54
67 86 54
71 86 42
74 86 51
79 86 24
80 86 34
81 86 39
82 86 38
87 86 44
89 86 55
104 86 24
1 87 48
2 87 44
3 87 46
4 87 56
6 87 44
7 87 52
8 87 54
9 87 58
10 87 43
11 87 52
12 87 29
13 87 50
14 87 51
15 87 54
16 87 55
17 87 47
18 87 49
19 87 48
20 87 66
21 87 58
22 87 58
23 87 54
24 87 66
25 87 63
26 87 50
27 87 46
29 87 56
30 87 54
31 87 50
32 87 55
34 87 54
35 87 55
36 87 54
37 87 55
38 87 55
39 87 45
40 87 55
42 87 61
43 87 47
44 87 57
45 87 58
46 87 47
47 87 54
48 87 56
49 87 61
50 87 53
51 87 67
52 87 53
53 87 52
54 87 52
55 87 52
56 87 54
57 87 47
58 87 55
59 87 60
60 87 47
61 87 57
62 87 60
63 87 59
64 87 62
65 87 49
66 87 56
67 87 56
74 87 53
75 87 45
79 87 26
80 87 36
81 87 41
82 87 39
86 87 47
89 87 57
104 87 25
1 88 36
2 88 32
3 88 33
4 88 43
6 88 32
7 88 39
8 88 42
9 88 45
10 88 31
11 88 40
13 88 37
14 88 38
15 88 41
16 88 42
17 88 34
18 88 37
19 88 36
20 88 54
22 88 45
23 88 41
24 88 54
25 88 51
26 88 37
29 88 43
30 88 41
31 88 37
32 88 42
33 88 43
34 88 42
35 88 42
36 88 41
37 88 42
38 88 42
40 88 42
42 88 48
43 88 35
44 88 44
45 88 45
46 88 35
47 88 42
48 88 43
49 88 48
50 88 40
52 88 40
56 88 41
57 88 34
58 88 42
59 88 47
60 88 35
61 88 44
62 88 47
63 88 46
64 88 49
65 88 37
66 88 43
67 88 43
70 88 10
71 88 32
73 88 28
74 88 40
75 88 33
79 88 17
80 88 25
81 88 29
82 88 28
86 88 34
87 88 34
89 88 44
96 88 38
104 88 17
1 89 42
2 89 38
3 89 39
4 89 50
6 89 38
7 89 46
8 89 48
9 89 51
10 89 37
11 89 46
12 89 24
13 89 44
14 89 44
15 89 47
16 89 48
17 89 40
18 89 43
19 89 42
20 89 60
21 89 51
22 89 52
23 89 48
24 89 60
25 89 57
26 89 44
27 89 39
29 89 49
30 89 48
31 89 44
32 89 48
33 89 49
34 89 48
35 89 49
36 89 47
37 89 49
38 89 48
39 89 39
40 89 48
42 89 54
43 89 41
44 89 51
45 89 52
46 89 41
47 89 48
48 89 50
49 89 55
50 89 47
51 89 61
52 89 46
53 89 46
54 89 46
55 89 46
56 89 47
57 89 40
58 89 48
59 89 54
60 89 41
61 89 51
62 89 53
63 89 53
64 89 56
65 89 43
66 89 50
67 89 49
71 89 38
74 89 46
79 89 21
80 89 30
81 89 35
82 89 33
86 89 40
87 89 40
104 89 20
8 90 70
9 90 73
11 90 68
13 90 66
14 90 67
16 90 70
18 90 66
20 90 79
21 90 73
22 90 73
23 90 70
24 90 79
25 90 77
27 90 62
29 90 71
30 90 70
31 90 66
32 90 70
35 90 71
36 90 70
37 90 71
40 90 70
42 90 75
44 90 72
45 90 73
46 90 63
47 90 70
48 90 71
49 90 75
50 90 69
52 90 69
53 90 68
54 90 68
55 90 68
56 90 69
57 90 63
58 90 70
59 90 75
60 90 63
61 90 72
62 90 74
63 90 74
64 90 76
66 90 71
67 90 71
80 90 52
89 90 72
104 90 39
3 91 63
8 91 71
9 91 74
13 91 67
14 91 68
16 91 71
18 91 66
20 91 80
21 91 74
22 91 74
23 91 71
24 91 80
27 91 63
29 91 72
30 91 71
31 91 67
35 91 71
37 91 71
40 91 71
44 91 73
45 91 74
46 91 64
47 91 71
48 91 72
49 91 76
52 91 70
53 91 69
54 91 69
55 91 69
56 91 70
58 91 71
59 91 75
60 91 64
61 91 73
62 91 75
63 91 75
64 91 77
66 91 72
67 91 72
71 91 61
89 91 73
104 91 40
3 92 60
8 92 68
9 92 71
11 92 66
13 92 64
14 92 64
15 92 67
16 92 68
20 92 77
21 92 71
22 92 71
23 92 67
24 92 78
25 92 75
27 92 60
29 92 69
30 92 68
31 92 64
33 92 69
34 92 68
35 92 68
37 92 68
44 92 70
45 92 71
46 92 61
47 92 68
48 92 69
49 92 74
51 92 78
52 92 66
53 92 66
54 92 66
55 92 66
56 92 67
58 92 68
59 92 73
60 92 61
61 92 70
62 92 72
63 92 72
64 92 74
65 92 63
66 92 69
67 92 69
74 92 66
104 92 37
3 93 62
8 93 70
9 93 73
13 93 66
14 93 67
15 93 70
18 93 66
20 93 79
21 93 73
22 93 73
23 93 70
24 93 79
25 93 77
27 93 62
29 93 71
30 93 70
31 93 66
33 93 71
35 93 71
38 93 70
42 93 75
44 93 72
45 93 73
46 93 64
47 93 70
48 93 72
49 93 76
52 93 69
53 93 68
54 93 68
55 93 68
56 93 70
58 93 71
59 93 75
60 93 64
61 93 72
62 93 75
63 93 74
64 93 76
66 93 72
67 93 71
71 93 61
89 93 72
104 93 40
3 94 61
7 94 67
8 94 69
9 94 72
13 94 65
14 94 66
16 94 69
18 94 64
20 94 78
21 94 72
22 94 72
23 94 69
24 94 78
25 94 76
26 94 65
27 94 61
29 94 70
30 94 69
31 94 65
32 94 69
34 94 69
35 94 70
36 94 68
37 94 69
40 94 69
42 94 74
44 94 71
45 94 72
46 94 62
47 94 69
48 94 70
49 94 75
50 94 68
52 94 68
53 94 67
54 94 67
55 94 67
56 94 68
58 94 69
59 94 74
60 94 62
61 94 71
62 94 73
63 94 73
64 94 75
66 94 70
67 94 70
71 94 59
89 94 71
104 94 38
8 95 1
15 95 1
19 95 1
20 95 2
21 95 2
25 95 2
27 95 1
38 95 1
42 95 2
51 95 2
66 95 2
68 95 1
69 95 1
83 95 16
84 95 1
96 95 1
97 95 3
98 95 1
99 95 1
100 95 1
101 95 1
102 95 1
103 95 2
104 95 0
1 96 4
7 96 5
8 96 5
9 96 6
10 96 4
11 96 5
14 96 5
15 96 5
17 96 4
19 96 4
20 96 9
21 96 6
22 96 6
23 96 5
24 96 9
25 96 8
27 96 4
29 96 6
42 96 7
45 96 6
48 96 6
49 96 7
50 96 5
51 96 9
56 96 5
58 96 6
59 96 7
66 96 6
73 96 3
83 96 42
84 96 5
86 96 4
87 96 4
88 96 4
89 96 6
97 96 10
98 96 5
104 96 2
1 97 5
3 97 5
7 97 6
8 97 6
9 97 7
10 97 4
11 97 6
15 97 6
17 97 5
18 97 5
20 97 10
23 97 6
24 97 10
25 97 9
26 97 5
29 97 7
32 97 6
33 97 7
34 97 6
35 97 6
36 97 6
37 97 6
38 97 6
40 97 6
42 97 8
44 97 7
45 97 7
46 97 5
47 97 6
48 97 7
49 97 8
50 97 6
51 97 10
52 97 6
53 97 6
54 97 6
55 97 6
56 97 6
58 97 6
59 97 8
60 97 5
61 97 7
63 97 8
65 97 5
66 97 7
67 97 7
71 97 4
73 97 4
74 97 6
75 97 4
78 97 2
81 97 4
83 97 46
84 97 5
86 97 5
87 97 5
88 97 5
89 97 7
95 97 7
96 97 6
98 97 5
103 97 9
104 97 2
7 98 4
8 98 5
9 98 5
15 98 5
19 98 4
25 98 7
31 98 4
51 98 8
60 98 4
68 98 2
69 98 3
73 98 3
83 98 39
84 98 4
88 98 4
89 98 5
95 98 5
97 98 8
99 98 5
101 98 4
102 98 3
103 98 7
104 98 1
8 99 4
19 99 3
39 99 3
51 99 6
73 99 2
83 99 33
97 99 7
98 99 3
101 99 3
102 99 2
103 99 5
104 99 1
51 100 7
69 100 2
83 100 36
84 100 4
97 100 8
99 100 4
104 100 1
6 101 4
8 101 6
9 101 6
15 101 5
17 101 4
18 101 5
19 101 4
20 101 9
21 101 6
22 101 6
24 101 9
25 101 8
26 101 5
27 101 4
31 101 5
32 101 6
33 101 6
34 101 6
35 101 6
36 101 5
37 101 6
38 101 6
40 101 6
42 101 7
43 101 4
45 101 6
48 101 6
49 101 7
56 101 5
57 101 4
59 101 7
60 101 4
61 101 6
63 101 7
64 101 7
67 101 6
73 101 3
74 101 5
75 101 4
80 101 3
83 101 42
86 101 4
87 101 4
88 101 4
89 101 6
95 101 6
98 101 5
99 101 6
102 101 4
104 101 2
20 102 8
38 102 5
39 102 3
51 102 8
83 102 39
84 102 4
101 102 4
103 102 7
104 102 1
6 103 2
9 103 3
10 103 2
13 103 2
15 103 3
20 103 5
21 103 3
24 103 5
25 103 4
26 103 2
29 103 3
32 103 3
33 103 3
34 103 3
35 103 3
36 103 3
37 103 3
38 103 3
39 103 2
40 103 3
42 103 4
43 103 2
49 103 4
51 103 5
57 103 2
59 103 4
66 103 3
78 103 1
81 103 2
82 103 2
83 103 27
84 103 2
87 103 2
88 103 2
89 103 3
95 103 3
96 103 3
97 103 5
98 103 2
99 103 3
102 103 2
104 103 1
1 104 70
2 104 67
3 104 68
4 104 77
5 104 34
6 104 67
7 104 74
8 104 75
9 104 78
10 104 66
11 104 74
12 104 52
13 104 72
14 104 73
15 104 75
16 104 76
17 104 69
18 104 72
19 104 71
20 104 83
21 104 78
22 104 78
23 104 75
24 104 83
25 104 82
26 104 72
27 104 68
28 104 80
29 104 76
30 104 75
31 104 72
32 104 76
33 104 76
34 104 75
35 104 76
36 104 75
37 104 76
38 104 76
39 104 68
40 104 76
41 104 45
42 104 80
43 104 70
44 104 77
45 104 78
46 104 70
47 104 75
48 104 77
49 104 80
50 104 75
51 104 84
52 104 74
53 104 74
54 104 74
55 104 74
56 104 75
57 104 69
58 104 76
59 104 80
60 104 70
61 104 77
62 104 79
63 104 79
64 104 81
65 104 71
66 104 77
