4 3 99
3 4 74
27 4 55
3 5 28
4 5 62
7 5 75
10 5 26
16 5 54
17 5 51
18 5 54
19 5 57
20 5 59
22 5 47
23 5 54
27 5 14
3 6 23
5 6 58
7 6 69
8 6 58
16 6 48
18 6 47
19 6 50
22 6 41
24 6 33
26 6 37
27 6 11
3 7 20
5 7 53
6 7 26
8 7 53
9 7 48
14 7 37
16 7 43
18 7 43
19 7 45
20 7 48
21 7 29
22 7 36
23 7 43
24 7 29
25 7 33
26 7 33
27 7 9
3 8 22
5 8 56
6 8 28
7 8 68
9 8 51
10 8 20
14 8 40
16 8 46
17 8 43
18 8 46
20 8 51
21 8 32
22 8 39
23 8 46
24 8 32
26 8 36
27 8 11
3 9 33
4 9 67
7 9 79
8 9 69
16 9 60
17 9 57
18 9 60
19 9 62
20 9 65
22 9 53
23 9 60
26 9 49
27 9 17
1 10 83
3 10 70
11 10 61
14 10 84
25 10 82
26 10 82
27 10 49
1 11 88
2 11 77
10 11 76
27 11 60
1 12 75
3 12 58
10 12 55
15 12 31
21 12 69
27 12 37
1 13 93
2 13 85
27 13 72
16 14 89
19 14 90
27 14 53
3 15 74
10 15 72
13 15 84
26 15 85
27 15 54
3 16 37
5 16 72
8 16 73
9 16 68
11 16 28
14 16 57
17 16 61
18 16 63
19 16 66
20 16 68
21 16 48
22 16 57
23 16 64
24 16 49
25 16 53
26 16 53
27 16 19
3 17 37
5 17 73
9 17 69
11 17 29
14 17 58
16 17 64
18 17 64
19 17 66
20 17 69
21 17 49
22 17 58
23 17 65
26 17 54
27 17 20
3 18 34
5 18 70
7 18 80
8 18 70
9 18 65
11 18 26
14 18 54
16 18 61
17 18 58
19 18 63
20 18 66
21 18 45
22 18 54
23 18 61
24 18 46
26 18 50
27 18 18
3 19 34
5 19 70
6 19 41
7 19 79
9 19 65
11 19 26
14 19 54
16 19 61
17 19 58
18 19 61
20 19 66
21 19 45
22 19 54
23 19 61
26 19 50
27 19 18
3 20 33
5 20 69
7 20 79
8 20 69
9 20 64
11 20 24
16 20 60
17 20 56
18 20 59
19 20 62
21 20 44
22 20 52
23 20 60
24 20 44
25 20 49
26 20 49
27 20 17
1 21 43
2 21 25
3 21 26
4 21 60
5 21 62
7 21 73
8 21 62
9 21 57
10 21 24
12 21 10
13 21 40
14 21 45
15 21 10
16 21 52
17 21 49
18 21 52
19 21 54
20 21 57
22 21 45
23 21 52
25 21 41
26 21 41
27 21 13
1 22 42
2 22 24
3 22 26
4 22 59
5 22 61
6 22 32
7 22 72
8 22 61
9 22 56
10 22 24
13 22 39
14 22 44
15 22 10
16 22 51
17 22 48
18 22 51
19 22 53
20 22 56
21 22 36
23 22 51
25 22 40
26 22 40
27 22 13
1 23 43
2 23 25
3 23 27
4 23 60
5 23 62
7 23 73
8 23 62
9 23 57
10 23 25
11 23 19
13 23 40
15 23 10
16 23 52
17 23 49
18 23 52
19 23 54
20 23 57
21 23 37
22 23 45
25 23 41
26 23 41
27 23 13
1 24 45
2 24 26
3 24 27
4 24 61
7 24 74
8 24 64
10 24 25
11 24 20
13 24 41
14 24 47
16 24 53
17 24 50
18 24 53
19 24 56
21 24 38
22 24 46
23 24 53
25 24 42
26 24 43
27 24 14
1 25 44
3 25 27
4 25 61
7 25 74
8 25 63
10 25 25
11 25 20
13 25 41
15 25 11
16 25 53
17 25 50
18 25 53
19 25 55
20 25 58
21 25 37
22 25 46
23 25 53
26 25 42
27 25 13
1 26 43
2 26 25
3 26 26
5 26 62
7 26 73
8 26 62
9 26 57
10 26 24
11 26 19
13 26 40
14 26 46
15 26 10
16 26 52
17 26 49
18 26 52
19 26 54
20 26 57
21 26 37
22 26 45
23 26 52
25 26 41
27 26 13
1 27 99
2 27 97
3 27 97
4 27 99
