57 3 81
7 5 97
17 7 93
17 8 94
23 10 86
12 11 91
57 11 80
11 12 92
12 15 94
14 15 90
57 15 87
57 16 85
2 17 91
7 17 81
8 17 77
12 17 82
19 17 63
24 17 79
57 17 64
57 18 66
17 19 96
57 19 87
33 20 63
57 20 44
57 21 88
4 22 72
41 22 71
57 22 62
10 23 86
15 23 85
17 23 93
24 23 88
25 23 78
26 23 72
57 23 78
17 24 92
23 24 81
25 24 75
26 24 69
57 24 75
10 25 88
12 25 91
23 25 86
24 25 89
26 25 75
57 25 80
10 26 88
23 26 86
24 26 90
25 26 81
57 26 81
1 27 78
7 27 78
16 27 73
19 27 59
29 27 70
41 27 69
51 27 86
57 27 60
1 28 69
4 28 60
7 28 70
8 28 65
10 28 64
12 28 71
14 28 57
15 28 60
16 28 63
17 28 79
24 28 66
29 28 60
32 28 65
38 28 58
41 28 58
46 28 70
52 28 73
57 28 49
1 29 65
16 29 59
17 29 76
27 29 51
41 29 54
46 29 66
51 29 76
57 29 44
1 30 48
6 30 31
8 30 43
12 30 49
15 30 38
16 30 41
27 30 33
29 30 38
32 30 43
33 30 45
34 30 47
36 30 43
38 30 35
41 30 36
42 30 61
43 30 44
45 30 68
48 30 69
49 30 76
52 30 52
54 30 55
56 30 48
57 30 28
1 31 33
4 31 25
7 31 34
12 31 35
15 31 25
17 31 45
30 31 37
32 31 29
33 31 31
34 31 32
36 31 29
42 31 46
45 31 54
46 31 34
47 31 31
48 31 54
49 31 64
50 31 34
52 31 38
54 31 40
56 31 34
57 31 18
33 32 76
34 32 77
57 32 59
32 33 61
34 33 65
57 33 45
32 34 56
33 34 59
57 34 40
1 35 46
7 35 47
8 35 41
12 35 48
16 35 39
17 35 59
29 35 37
30 35 50
33 35 44
36 35 42
38 35 34
39 35 51
42 35 60
45 35 67
46 35 47
49 35 75
51 35 59
52 35 51
54 35 54
56 35 47
57 35 27
4 36 51
7 36 61
12 36 62
16 36 54
17 36 72
29 36 51
33 36 59
35 36 63
39 36 65
42 36 73
45 36 79
46 36 61
48 36 79
49 36 85
51 36 73
54 36 68
57 36 40
1 37 71
6 37 54
8 37 67
9 37 45
12 37 72
14 37 59
15 37 62
16 37 65
17 37 80
24 37 68
32 37 67
33 37 69
50 37 72
57 37 51
12 38 68
16 38 60
17 38 77
39 38 70
57 38 45
1 39 40
4 39 31
7 39 40
8 39 35
9 39 18
10 39 34
11 39 46
12 39 41
14 39 28
15 39 31
16 39 33
17 39 52
19 39 21
21 39 29
22 39 21
23 39 29
24 39 37
25 39 22
26 39 17
27 39 26
29 39 31
30 39 43
32 39 35
33 39 38
34 39 39
36 39 36
38 39 28
40 39 30
41 39 29
42 39 53
46 39 40
48 39 61
49 39 70
51 39 53
52 39 44
54 39 47
56 39 41
57 39 22
24 40 71
41 40 63
57 40 54
1 41 70
22 41 49
24 41 67
29 41 61
40 41 60
46 41 71
51 41 80
57 41 50
1 42 46
4 42 36
7 42 46
8 42 41
12 42 48
15 42 37
17 42 59
30 42 50
32 42 41
33 42 44
35 42 48
36 42 42
45 42 67
46 42 47
48 42 67
49 42 75
52 42 51
54 42 54
57 42 27
17 43 72
30 43 64
36 43 56
45 43 78
57 43 39
1 44 34
4 44 26
7 44 34
8 44 30
12 44 36
17 44 46
30 44 37
33 44 32
34 44 33
36 44 30
42 44 47
43 44 31
45 44 55
46 44 34
47 44 32
50 44 35
51 44 47
52 44 38
54 44 41
56 44 35
57 44 18
1 45 41
4 45 32
7 45 41
8 45 36
9 45 19
12 45 43
15 45 32
16 45 35
17 45 54
24 45 38
30 45 45
33 45 39
35 45 43
36 45 37
42 45 55
43 45 37
46 45 41
49 45 71
51 45 54
54 45 48
57 45 23
1 46 86
11 46 88
16 46 82
17 46 91
52 46 88
57 46 72
1 47 36
3 47 19
4 47 27
8 47 31
9 47 16
12 47 38
15 47 28
16 47 30
17 47 48
30 47 39
33 47 34
34 47 35
36 47 32
42 47 49
45 47 57
46 47 36
48 47 57
49 47 67
50 47 37
52 47 40
54 47 43
57 47 19
1 48 35
7 48 35
8 48 31
12 48 37
15 48 27
17 48 47
30 48 38
33 48 33
34 48 34
36 48 31
42 48 48
45 48 56
46 48 35
47 48 33
49 48 66
50 48 36
51 48 48
52 48 39
54 48 42
56 48 36
57 48 19
1 49 33
4 49 24
9 49 14
12 49 34
15 49 25
17 49 45
24 49 30
30 49 36
33 49 31
34 49 32
35 49 35
36 49 29
39 49 37
42 49 46
45 49 53
46 49 33
47 49 30
48 49 54
50 49 34
51 49 45
52 49 37
54 49 40
56 49 33
57 49 17
1 50 40
4 50 31
6 50 25
7 50 41
8 50 35
9 50 19
10 50 34
11 50 46
12 50 42
14 50 29
15 50 31
16 50 34
17 50 53
19 50 22
24 50 37
26 50 18
29 50 31
30 50 44
32 50 35
33 50 38
34 50 39
37 50 27
38 50 29
39 50 45
40 50 30
42 50 54
46 50 41
48 50 62
49 50 70
51 50 54
52 50 45
54 50 48
56 50 41
57 50 22
1 51 39
4 51 30
7 51 40
8 51 35
9 51 18
10 51 33
11 51 45
12 51 41
14 51 28
15 51 31
16 51 33
17 51 52
19 51 21
23 51 29
24 51 36
25 51 22
26 51 17
27 51 26
29 51 30
30 51 43
32 51 35
33 51 37
34 51 38
35 51 42
36 51 35
38 51 28
39 51 44
40 51 29
41 51 29
42 51 53
45 51 61
46 51 40
48 51 61
49 51 70
52 51 44
54 51 47
56 51 40
57 51 22
1 52 39
4 52 30
7 52 40
8 52 35
9 52 18
10 52 33
11 52 45
12 52 41
14 52 28
15 52 31
16 52 33
17 52 52
19 52 21
24 52 36
25 52 21
26 52 17
27 52 26
28 52 9
29 52 30
30 52 43
32 52 35
33 52 37
35 52 41
36 52 35
38 52 28
39 52 44
40 52 29
41 52 29
42 52 53
45 52 60
46 52 40
48 52 61
49 52 70
51 52 53
54 52 47
56 52 40
57 52 22
1 53 66
4 53 56
7 53 66
8 53 61
9 53 39
10 53 60
12 53 67
14 53 53
15 53 57
16 53 59
17 53 76
21 53 55
22 53 44
24 53 63
25 53 45
29 53 56
36 53 62
38 53 54
41 53 54
46 53 66
55 53 34
56 53 66
57 53 45
1 54 38
4 54 29
7 54 39
8 54 34
9 54 17
10 54 32
11 54 44
12 54 40
15 54 30
16 54 32
17 54 51
19 54 20
24 54 35
25 54 21
26 54 16
27 54 25
29 54 29
30 54 42
32 54 34
33 54 36
34 54 37
35 54 41
36 54 34
38 54 27
39 54 43
40 54 28
41 54 28
42 54 52
45 54 59
46 54 39
47 54 36
48 54 60
49 54 69
51 54 52
52 54 43
56 54 39
57 54 21
1 55 76
4 55 68
22 55 56
41 55 66
46 55 76
57 55 57
1 56 39
4 56 30
6 56 24
7 56 40
8 56 34
9 56 18
10 56 33
11 56 45
12 56 41
14 56 28
15 56 30
16 56 33
17 56 52
19 56 21
21 56 29
22 56 21
23 56 29
24 56 36
26 56 17
27 56 26
29 56 30
30 56 43
32 56 34
33 56 37
34 56 38
35 56 41
36 56 35
38 56 28
39 56 44
40 56 29
41 56 29
42 56 53
45 56 60
46 56 40
48 56 61
49 56 70
51 56 52
52 56 44
53 56 15
54 56 47
55 56 15
57 56 21
1 57 95
2 57 98
3 57 89
4 57 93
5 57 77
6 57 91
7 57 95
8 57 94
9 57 87
10 57 94
11 57 96
12 57 96
13 57 96
14 57 92
15 57 93
16 57 94
17 57 97
