20 4 83
5 6 80
9 6 84
10 6 85
12 6 61
20 6 65
5 9 79
6 9 83
20 9 64
7 10 74
20 10 63
1 11 60
7 11 65
8 11 72
10 11 76
13 11 70
18 11 76
20 11 52
20 12 84
4 13 86
20 13 82
1 14 29
3 14 37
4 14 29
5 14 39
6 14 44
7 14 33
8 14 42
9 14 46
10 14 47
11 14 22
12 14 20
13 14 39
15 14 49
16 14 54
18 14 47
19 14 44
20 14 23
1 15 28
2 15 51
3 15 36
4 15 28
5 15 38
6 15 43
7 15 32
8 15 41
9 15 44
10 15 46
11 15 21
13 15 38
14 15 45
16 15 52
18 15 46
19 15 43
20 15 22
1 16 29
3 16 37
4 16 29
5 16 39
6 16 44
7 16 33
8 16 42
9 16 45
10 16 46
11 16 22
13 16 39
14 16 46
15 16 49
18 16 46
19 16 43
20 16 23
1 17 29
3 17 37
4 17 29
5 17 39
6 17 45
7 17 34
8 17 42
9 17 46
10 17 47
13 17 39
14 17 47
15 17 49
16 17 54
18 17 47
19 17 44
20 17 23
1 18 29
3 18 37
4 18 28
5 18 38
6 18 44
7 18 33
8 18 41
9 18 45
10 18 46
11 18 22
13 18 39
14 18 46
15 18 49
16 18 53
19 18 43
20 18 23
1 19 29
2 19 52
3 19 36
4 19 28
5 19 38
6 19 44
7 19 33
8 19 41
9 19 45
10 19 46
11 19 21
13 19 39
14 19 46
15 19 49
16 19 53
18 19 46
20 19 23
1 20 88
2 20 95
3 20 91
4 20 88
5 20 92
6 20 93
7 20 90
8 20 93
9 20 94
10 20 94
