12 3 76
73 3 65
1 4 67
3 4 79
5 4 72
10 4 77
37 4 78
73 4 72
1 5 63
4 5 65
10 5 75
37 5 75
73 5 68
7 6 76
11 6 76
41 6 80
60 6 75
73 6 74
6 7 64
11 7 70
41 7 74
73 7 68
18 8 66
37 8 62
73 8 54
10 9 61
13 9 65
18 9 66
41 9 61
73 9 53
4 10 63
5 10 67
9 10 79
11 10 67
15 10 62
19 10 68
73 10 66
6 11 67
7 11 73
10 11 77
14 11 77
29 11 82
42 11 75
44 11 76
73 11 71
3 12 68
37 12 67
41 12 66
52 12 67
55 12 69
73 12 58
9 13 73
10 13 65
73 13 58
11 14 70
41 14 74
73 14 68
10 15 78
73 15 73
20 16 72
35 16 73
37 16 76
44 16 73
60 16 70
73 16 69
42 17 77
73 17 74
3 18 65
8 18 69
9 18 71
21 18 70
35 18 60
41 18 63
44 18 60
49 18 65
55 18 66
59 18 52
62 18 65
73 18 55
10 19 76
73 19 70
16 20 71
21 20 81
73 20 70
10 21 63
18 21 69
20 21 60
43 21 63
47 21 61
55 21 67
73 21 56
73 22 76
73 23 84
3 24 73
42 24 68
47 24 68
57 24 75
73 24 64
3 25 42
14 25 40
24 25 37
36 25 29
37 25 41
38 25 30
40 25 36
43 25 40
46 25 34
47 25 37
50 25 38
73 25 33
2 26 20
3 26 28
5 26 21
6 26 17
7 26 22
8 26 31
9 26 33
10 26 25
11 26 21
12 26 30
13 26 30
14 26 25
16 26 21
17 26 18
18 26 30
19 26 22
21 26 32
24 26 23
25 26 29
27 26 38
28 26 21
29 26 31
30 26 27
31 26 13
33 26 13
34 26 29
35 26 23
36 26 18
37 26 26
38 26 18
39 26 30
40 26 23
41 26 26
42 26 23
43 26 25
44 26 24
45 26 23
46 26 21
47 26 24
48 26 17
49 26 27
50 26 24
51 26 26
52 26 27
54 26 18
55 26 28
56 26 21
57 26 30
59 26 18
62 26 28
63 26 32
64 26 27
67 26 31
71 26 27
72 26 30
73 26 20
2 27 20
3 27 28
5 27 21
6 27 17
7 27 22
8 27 32
9 27 33
10 27 26
11 27 21
12 27 30
13 27 30
14 27 25
17 27 18
18 27 30
19 27 22
21 27 32
24 27 23
25 27 29
26 27 32
28 27 21
29 27 31
30 27 27
34 27 30
35 27 23
36 27 18
37 27 27
38 27 18
39 27 30
40 27 23
41 27 26
42 27 23
43 27 25
44 27 24
45 27 23
46 27 21
47 27 24
48 27 17
49 27 27
50 27 24
51 27 26
52 27 27
54 27 18
55 27 28
56 27 21
57 27 30
59 27 18
62 27 28
63 27 32
64 27 27
66 27 22
67 27 31
71 27 27
72 27 30
73 27 20
41 28 80
73 28 75
11 29 63
41 29 68
73 29 61
37 30 70
41 30 69
57 30 74
73 30 63
29 31 84
41 31 80
73 31 75
6 32 44
11 32 51
14 32 56
15 32 45
16 32 50
37 32 58
41 32 57
73 32 49
28 33 78
41 33 82
45 33 80
73 33 77
20 34 56
21 34 67
41 34 60
51 34 60
73 34 53
4 35 59
5 35 63
10 35 69
11 35 64
14 35 69
15 35 58
16 35 63
18 35 74
39 35 74
40 35 66
41 35 69
44 35 67
49 35 71
73 35 62
41 36 81
48 36 72
73 36 76
5 37 67
8 37 78
12 37 77
16 37 67
41 37 72
49 37 74
60 37 67
61 37 65
73 37 66
3 38 78
6 38 66
12 38 80
14 38 76
20 38 73
37 38 77
41 38 76
42 38 74
73 38 70
41 39 69
60 39 63
73 39 62
11 40 67
38 40 63
41 40 72
60 40 67
73 40 65
6 41 63
7 41 69
9 41 80
12 41 77
14 41 73
42 41 71
49 41 75
52 41 75
62 41 76
73 41 67
11 42 72
24 42 74
41 42 77
73 42 71
21 43 81
37 43 77
41 43 76
73 43 70
11 44 69
16 44 68
18 44 78
20 44 70
41 44 74
52 44 75
55 44 76
73 44 67
59 45 64
73 45 67
10 46 77
11 46 72
52 46 78
73 46 71
10 47 72
24 47 69
37 47 73
44 47 71
55 47 75
62 47 75
73 47 66
10 48 77
36 48 67
73 48 71
10 49 67
18 49 72
37 49 68
41 49 67
52 49 69
62 49 70
73 49 60
10 50 76
73 50 70
73 51 65
3 52 69
12 52 72
37 52 68
41 52 67
44 52 65
46 52 61
49 52 69
55 52 70
73 52 60
5 53 73
16 53 72
21 53 83
37 53 78
73 53 72
55 54 78
73 54 69
12 55 73
18 55 73
21 55 75
24 55 65
37 55 69
44 55 66
52 55 70
62 55 71
73 55 61
28 56 72
73 56 72
24 57 67
37 57 71
59 57 60
73 57 63
55 58 68
73 58 58
57 59 82
73 59 73
6 60 68
16 60 73
73 60 72
21 61 81
37 61 76
73 61 69
3 62 67
10 62 64
11 62 59
18 62 69
20 62 60
40 62 61
41 62 64
47 62 62
49 62 66
50 62 62
55 62 67
73 62 57
2 63 20
3 63 28
4 63 18
5 63 21
7 63 22
8 63 32
9 63 34
10 63 26
11 63 22
12 63 30
13 63 30
14 63 26
17 63 18
18 63 31
19 63 22
21 63 32
24 63 23
25 63 29
26 63 33
27 63 38
28 63 21
29 63 32
30 63 27
34 63 30
35 63 23
37 63 27
38 63 19
39 63 31
40 63 23
41 63 26
42 63 23
43 63 26
44 63 24
45 63 24
46 63 21
47 63 24
48 63 17
49 63 28
50 63 24
51 63 26
52 63 28
55 63 29
56 63 21
57 63 30
59 63 18
60 63 21
62 63 28
64 63 27
71 63 27
72 63 30
73 63 20
14 64 38
19 64 33
27 64 52
29 64 45
38 64 29
39 64 44
43 64 38
47 64 36
48 64 27
62 64 41
63 64 46
73 64 31
73 65 45
27 66 50
73 66 29
73 67 51
73 68 71
73 69 52
73 70 51
73 71 63
2 72 20
3 72 28
5 72 21
6 72 17
7 72 22
8 72 31
9 72 33
10 72 25
11 72 21
12 72 30
13 72 30
14 72 25
17 72 18
18 72 30
19 72 22
21 72 32
24 72 23
25 72 29
26 72 32
27 72 38
28 72 21
29 72 31
30 72 27
31 72 13
33 72 13
34 72 29
35 72 23
36 72 18
37 72 26
38 72 18
39 72 30
40 72 23
41 72 26
42 72 23
43 72 25
44 72 24
45 72 23
46 72 21
47 72 24
48 72 17
49 72 27
50 72 24
51 72 26
52 72 27
54 72 18
55 72 28
56 72 21
57 72 30
59 72 18
60 72 21
62 72 28
63 72 32
64 72 27
65 72 25
67 72 31
71 72 27
73 72 20
1 73 69
2 73 73
3 73 81
4 73 71
5 73 74
6 73 70
7 73 76
8 73 84
9 73 85
10 73 79
11 73 75
12 73 83
13 73 82
14 73 79
15 73 70
16 73 74
17 73 71
18 73 83
19 73 75
20 73 76
21 73 84
22 73 73
23 73 60
