3 2 87
4 2 74
5 2 70
6 2 85
20 2 81
27 2 83
31 2 82
32 2 82
33 2 74
2 3 61
4 3 55
6 3 70
7 3 65
20 3 65
22 3 56
23 3 57
24 3 59
25 3 57
26 3 66
27 3 69
28 3 58
29 3 66
30 3 62
31 3 66
32 3 66
33 3 55
37 3 82
41 3 42
5 4 77
2 5 85
2 6 65
3 6 78
7 6 69
20 6 69
24 6 64
26 6 70
27 6 72
29 6 70
31 6 70
33 6 59
37 6 85
41 6 47
2 7 72
3 7 83
6 7 79
20 7 75
24 7 70
25 7 68
27 7 78
28 7 69
29 7 76
31 7 76
2 8 87
4 8 84
9 8 79
10 8 79
41 8 75
2 9 89
4 9 87
10 9 83
41 9 79
2 10 89
4 10 86
8 10 82
9 10 82
41 10 79
10 11 23
12 11 51
13 11 51
14 11 44
15 11 27
16 11 44
26 11 38
36 11 34
37 11 60
39 11 40
41 11 19
2 12 25
6 12 34
8 12 16
9 12 16
10 12 16
11 12 42
13 12 41
14 12 34
16 12 35
22 12 21
26 12 29
27 12 32
30 12 26
34 12 26
35 12 35
36 12 26
37 12 49
38 12 28
39 12 30
41 12 13
2 13 29
3 13 44
6 13 39
9 13 19
10 13 20
11 13 48
14 13 39
15 13 24
16 13 40
17 13 41
22 13 25
26 13 34
27 13 36
31 13 34
32 13 34
35 13 40
37 13 55
39 13 35
41 13 16
2 14 33
6 14 43
8 14 22
10 14 23
11 14 52
12 14 51
13 14 51
16 14 44
17 14 45
18 14 46
26 14 38
27 14 41
34 14 34
35 14 44
36 14 34
37 14 59
38 14 37
39 14 39
41 14 19
8 15 26
11 15 57
13 15 56
27 15 46
32 15 43
37 15 64
41 15 22
2 16 35
6 16 45
8 16 24
10 16 24
11 16 54
12 16 53
13 16 53
14 16 46
17 16 47
18 16 47
26 16 40
27 16 43
34 16 36
35 16 46
36 16 36
38 16 39
39 16 41
40 16 39
41 16 20
2 17 33
3 17 48
6 17 43
8 17 22
10 17 23
13 17 51
14 17 44
16 17 44
18 17 46
26 17 38
27 17 41
35 17 44
36 17 34
37 17 59
38 17 37
39 17 39
41 17 19
2 18 65
31 18 69
41 18 46
41 19 67
2 20 71
3 20 82
6 20 79
7 20 74
23 20 68
24 20 69
25 20 68
26 20 75
27 20 77
28 20 68
29 20 75
30 20 72
31 20 75
33 20 66
41 20 53
2 21 56
3 21 71
7 21 60
27 21 64
30 21 58
31 21 61
40 21 60
41 21 38
2 22 74
3 22 84
20 22 77
27 22 80
29 22 78
31 22 78
41 22 57
2 23 73
3 23 83
18 23 82
20 23 76
24 23 71
25 23 69
28 23 70
31 23 77
41 23 55
2 24 73
3 24 84
6 24 80
7 24 76
20 24 76
23 24 70
25 24 70
26 24 77
27 24 79
31 24 77
41 24 56
2 25 75
3 25 85
7 25 78
20 25 79
23 25 72
24 25 74
27 25 81
28 25 73
30 25 76
31 25 79
41 25 59
2 26 73
3 26 84
6 26 81
20 26 77
24 26 72
27 26 79
29 26 77
30 26 74
31 26 77
41 26 56
2 27 69
3 27 81
6 27 77
7 27 72
20 27 72
22 27 64
24 27 67
25 27 65
26 27 73
28 27 65
29 27 73
30 27 70
31 27 73
33 27 63
41 27 51
2 28 74
3 28 85
7 28 77
20 28 77
23 28 71
25 28 71
27 28 80
29 28 78
30 28 75
31 28 78
33 28 69
41 28 57
2 29 70
3 29 81
6 29 78
7 29 73
20 29 73
22 29 65
26 29 74
27 29 76
28 29 67
30 29 71
31 29 74
41 29 52
3 30 85
20 30 77
25 30 71
26 30 78
27 30 80
28 30 71
29 30 78
31 30 78
41 30 57
2 31 69
3 31 81
6 31 77
7 31 72
18 31 79
20 31 72
22 31 64
23 31 65
24 31 67
25 31 65
26 31 73
27 31 75
28 31 65
29 31 73
30 31 70
33 31 63
41 31 51
2 32 70
3 32 81
13 32 83
37 32 87
41 32 52
2 33 79
3 33 88
4 33 75
5 33 71
6 33 85
9 33 68
10 33 69
20 33 82
27 33 84
28 33 77
31 33 82
41 33 64
2 34 29
3 34 43
4 34 24
6 34 38
7 34 32
8 34 19
9 34 18
10 34 19
12 34 46
14 34 39
16 34 39
17 34 40
18 34 41
20 34 33
23 34 26
24 34 27
25 34 26
26 34 33
27 34 36
28 34 26
29 34 33
30 34 30
31 34 33
32 34 34
33 34 24
35 34 39
36 34 29
37 34 54
38 34 32
39 34 34
40 34 32
41 34 16
2 35 28
3 35 43
4 35 24
6 35 37
7 35 32
8 35 18
9 35 18
10 35 19
12 35 45
13 35 45
14 35 38
16 35 38
17 35 40
18 35 40
20 35 32
22 35 24
23 35 25
24 35 27
25 35 25
26 35 33
27 35 35
28 35 25
29 35 33
30 35 29
31 35 33
32 35 33
33 35 23
36 35 29
37 35 53
38 35 32
39 35 34
40 35 32
41 35 15
2 36 28
3 36 42
4 36 23
6 36 37
7 36 31
8 36 18
9 36 18
10 36 19
11 36 46
12 36 45
13 36 45
14 36 38
16 36 38
17 36 39
18 36 40
20 36 32
22 36 24
23 36 25
24 36 26
25 36 25
26 36 32
27 36 35
28 36 25
29 36 32
30 36 29
31 36 32
32 36 33
33 36 23
35 36 38
37 36 53
38 36 31
39 36 34
40 36 31
41 36 15
2 37 23
3 37 37
6 37 32
8 37 15
9 37 15
10 37 15
11 37 40
12 37 39
13 37 39
14 37 32
15 37 18
16 37 33
17 37 34
26 37 27
34 37 24
35 37 33
36 37 24
38 37 26
39 37 28
40 37 26
41 37 12
2 38 28
3 38 43
4 38 23
6 38 37
7 38 32
8 38 18
9 38 18
10 38 19
12 38 45
13 38 45
14 38 38
16 38 38
17 38 40
18 38 40
20 38 32
22 38 24
23 38 25
24 38 26
25 38 25
26 38 32
27 38 35
28 38 25
29 38 33
30 38 29
31 38 32
32 38 33
33 38 23
35 38 38
36 38 29
37 38 53
39 38 34
40 38 31
41 38 15
2 39 27
3 39 42
4 39 23
6 39 36
7 39 31
8 39 18
9 39 17
10 39 18
11 39 45
12 39 44
13 39 44
14 39 37
16 39 37
17 39 39
18 39 39
20 39 31
22 39 23
23 39 24
24 39 26
25 39 24
26 39 32
27 39 34
28 39 25
29 39 32
30 39 29
31 39 32
32 39 32
33 39 23
35 39 37
36 39 28
37 39 52
38 39 31
40 39 31
41 39 15
2 40 29
3 40 43
6 40 38
7 40 32
8 40 19
9 40 18
10 40 19
12 40 45
14 40 38
16 40 39
17 40 40
18 40 40
20 40 32
22 40 24
24 40 27
25 40 25
26 40 33
27 40 35
28 40 26
29 40 33
30 40 30
31 40 33
32 40 33
33 40 24
35 40 39
36 40 29
37 40 54
38 40 32
39 40 34
41 40 16
1 41 86
2 41 89
3 41 94
4 41 86
5 41 83
6 41 92
7 41 90
8 41 82
9 41 81
10 41 82
