14 3 84
7 6 64
8 6 94
71 6 78
6 7 77
3 8 35
9 8 57
11 8 38
12 8 32
13 8 67
14 8 49
15 8 45
16 8 44
17 8 45
18 8 43
19 8 45
20 8 29
21 8 41
23 8 47
24 8 44
25 8 47
26 8 23
27 8 44
28 8 45
29 8 46
30 8 50
31 8 24
32 8 20
33 8 20
34 8 19
35 8 44
36 8 45
37 8 48
38 8 54
39 8 24
40 8 34
41 8 33
42 8 39
43 8 38
44 8 42
45 8 42
46 8 42
47 8 44
48 8 45
49 8 53
50 8 50
51 8 44
52 8 48
53 8 44
54 8 45
55 8 58
56 8 33
58 8 13
62 8 17
71 8 20
3 9 47
8 9 63
10 9 20
11 9 51
12 9 44
13 9 77
14 9 62
15 9 57
16 9 57
17 9 58
18 9 56
19 9 58
20 9 41
21 9 54
22 9 42
23 9 60
24 9 57
25 9 60
27 9 57
28 9 57
29 9 59
30 9 62
35 9 56
36 9 58
37 9 61
38 9 67
40 9 47
41 9 45
42 9 52
43 9 51
44 9 55
45 9 55
46 9 55
47 9 57
48 9 58
49 9 65
50 9 63
51 9 57
52 9 61
53 9 57
54 9 58
9 10 88
23 10 84
24 10 82
25 10 84
29 10 83
37 10 84
42 10 79
43 10 78
44 10 81
45 10 81
46 10 81
47 10 82
49 10 87
50 10 85
52 10 84
54 10 83
77 10 37
8 11 68
9 11 74
13 11 81
14 11 67
15 11 63
16 11 62
17 11 63
18 11 61
19 11 64
21 11 59
23 11 65
24 11 62
25 11 65
27 11 62
28 11 63
29 11 64
30 11 67
35 11 62
36 11 63
37 11 66
38 11 71
44 11 60
45 11 60
46 11 60
47 11 62
48 11 63
49 11 70
50 11 68
51 11 62
52 11 66
53 11 62
54 11 63
55 11 74
8 12 70
9 12 75
13 12 82
14 12 68
15 12 64
16 12 64
17 12 64
18 12 63
19 12 65
20 12 48
21 12 61
23 12 67
24 12 63
25 12 67
27 12 63
28 12 64
29 12 66
30 12 69
31 12 41
33 12 36
36 12 64
37 12 67
38 12 73
39 12 42
44 12 62
45 12 62
46 12 62
47 12 64
48 12 65
49 12 71
50 12 69
51 12 64
52 12 68
53 12 64
54 12 65
55 12 75
71 12 36
3 13 22
8 13 35
9 13 41
11 13 24
12 13 20
14 13 34
15 13 30
19 13 31
20 13 18
21 13 27
22 13 18
23 13 32
37 13 33
38 13 39
40 13 22
42 13 25
43 13 25
49 13 37
76 13 19
3 14 41
8 14 57
9 14 63
11 14 44
12 14 38
13 14 72
15 14 51
16 14 51
17 14 51
18 14 50
19 14 52
20 14 35
21 14 48
22 14 36
23 14 54
24 14 50
25 14 54
26 14 28
27 14 50
28 14 51
29 14 53
30 14 56
33 14 25
34 14 23
35 14 50
36 14 51
37 14 55
38 14 61
39 14 30
40 14 41
41 14 39
42 14 46
43 14 45
44 14 49
45 14 49
46 14 49
47 14 51
48 14 52
49 14 59
50 14 57
51 14 51
52 14 55
53 14 51
54 14 52
55 14 64
8 15 62
9 15 68
11 15 50
12 15 43
14 15 61
16 15 56
17 15 57
18 15 55
19 15 57
20 15 40
22 15 40
23 15 59
24 15 56
25 15 59
26 15 33
27 15 56
28 15 56
29 15 58
30 15 61
31 15 34
32 15 29
33 15 29
34 15 27
35 15 55
36 15 57
37 15 60
38 15 66
39 15 34
42 15 51
44 15 54
45 15 54
46 15 54
47 15 56
48 15 57
49 15 64
50 15 62
51 15 56
52 15 60
53 15 56
54 15 57
55 15 69
3 16 44
8 16 61
9 16 67
11 16 48
12 16 41
14 16 59
15 16 55
17 16 55
18 16 53
19 16 56
20 16 39
21 16 51
22 16 39
23 16 58
24 16 54
25 16 58
26 16 31
27 16 54
28 16 55
29 16 57
30 16 60
31 16 32
32 16 28
33 16 28
34 16 26
35 16 54
36 16 55
37 16 58
38 16 64
39 16 33
40 16 44
43 16 48
44 16 52
45 16 52
46 16 52
47 16 54
48 16 55
49 16 63
50 16 60
51 16 54
52 16 59
53 16 54
54 16 55
55 16 68
8 17 64
9 17 70
12 17 45
14 17 63
15 17 58
16 17 58
18 17 57
20 17 42
22 17 43
23 17 61
24 17 58
25 17 61
26 17 35
27 17 58
28 17 58
29 17 60
30 17 63
31 17 35
32 17 31
33 17 31
34 17 29
36 17 59
37 17 62
38 17 68
39 17 36
42 17 53
44 17 56
45 17 56
46 17 56
47 17 58
48 17 59
49 17 66
50 17 64
51 17 58
52 17 62
53 17 58
54 17 59
55 17 71
3 18 48
8 18 64
9 18 70
11 18 52
12 18 45
14 18 63
15 18 58
16 18 58
17 18 59
19 18 59
20 18 42
21 18 55
22 18 43
23 18 61
24 18 58
25 18 61
27 18 58
28 18 59
29 18 60
30 18 63
35 18 58
36 18 59
37 18 62
38 18 68
41 18 46
42 18 53
43 18 52
44 18 56
45 18 56
46 18 56
47 18 58
48 18 59
49 18 66
50 18 64
51 18 58
52 18 62
53 18 58
54 18 59
55 18 71
3 19 36
8 19 52
9 19 59
11 19 39
12 19 33
13 19 68
14 19 50
15 19 46
16 19 46
17 19 46
18 19 45
21 19 43
23 19 49
24 19 45
25 19 49
26 19 24
27 19 45
28 19 46
29 19 48
30 19 51
31 19 25
32 19 21
35 19 45
36 19 46
37 19 50
38 19 56
39 19 26
40 19 36
41 19 34
42 19 41
43 19 40
44 19 44
45 19 44
46 19 44
47 19 46
48 19 47
49 19 54
50 19 52
51 19 46
52 19 50
53 19 46
54 19 47
55 19 60
56 19 35
70 19 19
71 19 21
8 20 74
9 20 78
12 20 56
13 20 84
14 20 72
15 20 69
16 20 68
17 20 69
18 20 67
22 20 54
23 20 71
24 20 68
25 20 71
27 20 68
28 20 69
29 20 70
30 20 73
35 20 68
38 20 76
40 20 59
41 20 57
42 20 64
43 20 63
44 20 66
45 20 67
46 20 66
47 20 68
49 20 75
50 20 73
51 20 68
52 20 72
53 20 68
54 20 69
70 20 37
8 21 65
9 21 71
11 21 52
12 21 46
13 21 78
14 21 63
15 21 59
16 21 59
17 21 59
18 21 57
19 21 60
23 21 62
24 21 58
25 21 62
27 21 58
28 21 59
29 21 61
30 21 64
35 21 58
36 21 59
37 21 62
38 21 68
41 21 47
42 21 54
43 21 53
44 21 57
45 21 57
46 21 57
47 21 58
48 21 60
49 21 67
50 21 64
51 21 59
52 21 63
53 21 58
54 21 60
55 21 71
9 22 80
13 22 85
14 22 74
15 22 70
16 22 70
17 22 71
18 22 69
20 22 55
23 22 73
24 22 70
25 22 73
27 22 70
28 22 70
29 22 72
30 22 74
35 22 70
38 22 78
41 22 59
42 22 65
43 22 65
44 22 68
45 22 68
46 22 68
47 22 70
49 22 77
50 22 75
51 22 70
52 22 73
53 22 70
54 22 71
70 22 39
3 23 44
8 23 60
9 23 66
10 23 18
11 23 47
12 23 41
13 23 75
14 23 59
15 23 54
16 23 54
17 23 55
18 23 53
19 23 55
20 23 38
21 23 51
22 23 38
24 23 53
25 23 57
27 23 53
28 23 54
29 23 56
30 23 59
35 23 53
36 23 55
37 23 58
38 23 64
42 23 49
43 23 48
44 23 52
45 23 52
46 23 52
47 23 54
48 23 55
49 23 62
50 23 60
51 23 54
52 23 58
53 23 54
54 23 55
55 23 67
8 24 66
9 24 72
10 24 22
11 24 54
12 24 47
14 24 64
15 24 60
16 24 60
17 24 61
18 24 59
19 24 61
20 24 44
21 24 57
22 24 44
23 24 63
25 24 63
27 24 59
28 24 60
29 24 62
30 24 65
35 24 59
36 24 61
37 24 64
38 24 69
42 24 55
44 24 58
45 24 58
46 24 58
47 24 60
48 24 61
49 24 68
50 24 66
51 24 60
52 24 64
53 24 60
54 24 61
3 25 44
8 25 60
9 25 66
10 25 18
11 25 47
12 25 41
14 25 58
15 25 54
16 25 54
17 25 54
18 25 53
19 25 55
20 25 38
21 25 51
22 25 38
23 25 57
24 25 53
27 25 53
28 25 54
29 25 56
30 25 59
32 25 27
35 25 53
36 25 55
37 25 58
38 25 64
40 25 44
41 25 42
42 25 49
43 25 48
44 25 52
45 25 52
46 25 52
47 25 54
48 25 55
49 25 62
50 25 60
51 25 54
52 25 58
53 25 54
54 25 55
55 25 67
3 26 57
8 26 72
9 26 77
11 26 60
14 26 70
15 26 66
16 26 66
17 26 67
18 26 65
19 26 67
21 26 63
23 26 69
24 26 66
25 26 69
27 26 66
28 26 66
29 26 68
30 26 71
36 26 67
37 26 69
38 26 74
44 26 64
45 26 64
46 26 64
47 26 66
48 26 67
49 26 73
50 26 71
51 26 66
52 26 70
53 26 66
54 26 67
55 26 77
3 27 47
8 27 63
9 27 69
11 27 50
12 27 43
13 27 77
14 27 61
15 27 57
16 27 56
17 27 57
18 27 55
19 27 58
20 27 41
21 27 53
22 27 41
23 27 60
24 27 56
25 27 60
28 27 57
29 27 59
30 27 62
35 27 56
36 27 57
37 27 60
38 27 66
40 27 46
41 27 44
42 27 51
43 27 50
44 27 54
45 27 54
46 27 54
47 27 56
48 27 57
49 27 65
50 27 62
51 27 56
52 27 61
53 27 56
54 27 57
55 27 69
3 28 46
8 28 62
9 28 68
11 28 50
12 28 43
14 28 61
15 28 57
16 28 56
17 28 57
18 28 55
19 28 57
20 28 40
21 28 53
22 28 41
23 28 59
24 28 56
25 28 59
27 28 56
29 28 58
30 28 61
35 28 56
36 28 57
37 28 60
38 28 66
41 28 44
42 28 51
43 28 50
44 28 54
45 28 54
46 28 54
47 28 56
48 28 57
49 28 64
50 28 62
51 28 56
52 28 60
53 28 56
54 28 57
55 28 69
3 29 43
8 29 59
9 29 65
10 29 18
11 29 46
12 29 40
14 29 58
15 29 53
16 29 53
17 29 54
18 29 52
19 29 54
20 29 37
21 29 50
23 29 56
24 29 52
25 29 56
27 29 52
28 29 53
30 29 58
35 29 52
36 29 54
37 29 57
38 29 63
41 29 41
42 29 48
43 29 47
44 29 51
45 29 51
46 29 51
47 29 53
48 29 54
49 29 61
50 29 59
51 29 53
52 29 57
53 29 53
54 29 54
55 29 66
3 30 39
8 30 56
9 30 62
11 30 43
12 30 36
13 30 71
14 30 54
15 30 50
16 30 49
17 30 50
18 30 48
19 30 51
20 30 34
21 30 46
23 30 53
24 30 49
25 30 53
27 30 49
28 30 50
29 30 52
35 30 49
36 30 50
37 30 53
38 30 59
42 30 44
43 30 43
44 30 47
45 30 47
46 30 47
47 30 49
48 30 50
49 30 58
50 30 55
51 30 49
52 30 54
53 30 49
54 30 50
55 30 63
3 31 56
8 31 71
9 31 77
12 31 53
14 31 70
16 31 66
17 31 67
18 31 65
19 31 67
21 31 63
23 31 69
24 31 66
25 31 69
27 31 65
28 31 66
29 31 68
30 31 71
35 31 65
36 31 67
37 31 69
38 31 74
40 31 56
41 31 54
43 31 60
44 31 64
45 31 64
46 31 64
47 31 66
48 31 67
49 31 73
50 31 71
51 31 66
52 31 70
53 31 66
54 31 67
55 31 77
3 32 57
8 32 72
9 32 77
14 32 71
16 32 67
17 32 67
18 32 66
21 32 64
23 32 69
24 32 66
25 32 69
27 32 66
28 32 67
29 32 69
30 32 71
35 32 66
36 32 67
37 32 70
40 32 57
41 32 55
43 32 61
44 32 65
45 32 65
46 32 65
47 32 66
48 32 67
49 32 74
50 32 72
51 32 67
52 32 70
54 32 68
55 32 78
3 33 58
8 33 73
9 33 77
12 33 55
14 33 71
16 33 67
17 33 68
18 33 66
21 33 64
23 33 70
24 33 67
25 33 70
27 33 67
28 33 67
29 33 69
30 33 72
36 33 68
37 33 71
38 33 75
44 33 65
45 33 65
46 33 65
47 33 67
48 33 68
49 33 74
50 33 72
51 33 67
52 33 71
53 33 67
54 33 68
3 34 59
8 34 74
9 34 78
14 34 72
16 34 68
17 34 69
18 34 67
21 34 66
23 34 71
24 34 68
25 34 71
27 34 68
28 34 69
29 34 70
30 34 73
36 34 69
37 34 72
38 34 76
44 34 67
45 34 67
46 34 67
47 34 68
48 34 69
49 34 75
50 34 73
51 34 68
52 34 72
53 34 68
54 34 69
8 35 60
9 35 66
11 35 47
13 35 75
14 35 58
15 35 54
16 35 54
17 35 54
20 35 38
22 35 38
23 35 57
24 35 53
25 35 57
27 35 53
28 35 54
29 35 56
30 35 59
36 35 54
37 35 58
38 35 64
40 35 44
41 35 42
42 35 49
43 35 48
44 35 52
45 35 52
46 35 52
47 35 54
48 35 55
49 35 62
50 35 60
51 35 54
52 35 58
53 35 54
54 35 55
55 35 67
71 35 27
3 36 44
8 36 61
9 36 67
11 36 48
12 36 41
14 36 59
15 36 55
16 36 54
17 36 55
18 36 53
19 36 55
21 36 51
23 36 57
24 36 54
25 36 57
26 36 31
27 36 54
28 36 55
29 36 56
30 36 59
31 36 32
32 36 28
33 36 28
34 36 25
35 36 54
37 36 58
38 36 64
39 36 33
41 36 42
42 36 49
43 36 48
44 36 52
45 36 52
46 36 52
47 36 54
48 36 55
49 36 63
50 36 60
51 36 54
52 36 58
53 36 54
54 36 55
8 37 72
9 37 77
10 37 28
11 37 61
14 37 71
15 37 67
16 37 67
17 37 68
18 37 66
21 37 64
23 37 70
24 37 67
25 37 70
27 37 67
28 37 67
29 37 69
30 37 72
35 37 66
36 37 68
38 37 75
40 37 57
41 37 55
42 37 62
43 37 61
44 37 65
45 37 65
46 37 65
47 37 67
48 37 68
49 37 74
50 37 72
51 37 67
52 37 71
53 37 67
54 37 68
3 38 33
8 38 48
9 38 55
11 38 36
12 38 30
13 38 65
14 38 47
15 38 42
16 38 42
17 38 43
18 38 41
19 38 43
20 38 27
22 38 28
23 38 45
24 38 42
25 38 45
27 38 41
28 38 42
29 38 44
30 38 47
31 38 22
33 38 19
35 38 41
36 38 43
37 38 46
39 38 23
40 38 32
41 38 31
42 38 37
43 38 36
44 38 40
45 38 40
46 38 40
47 38 42
48 38 43
49 38 50
50 38 48
51 38 42
52 38 46
53 38 42
54 38 43
55 38 56
3 39 44
8 39 60
9 39 66
11 39 47
12 39 41
14 39 58
15 39 54
16 39 54
17 39 54
18 39 53
19 39 55
21 39 51
23 39 57
24 39 53
25 39 57
27 39 53
28 39 54
29 39 56
30 39 59
35 39 53
36 39 54
37 39 58
38 39 64
41 39 42
42 39 49
43 39 48
44 39 52
45 39 52
46 39 52
47 39 54
48 39 55
49 39 62
50 39 60
51 39 54
52 39 58
53 39 54
54 39 55
55 39 67
70 39 24
8 40 71
9 40 76
12 40 53
14 40 70
15 40 66
16 40 66
17 40 66
18 40 65
19 40 67
20 40 50
23 40 69
24 40 65
25 40 69
27 40 65
28 40 66
29 40 68
30 40 71
35 40 65
36 40 67
37 40 69
41 40 54
42 40 61
43 40 60
44 40 64
45 40 64
46 40 64
47 40 66
48 40 67
49 40 73
50 40 71
51 40 66
52 40 70
53 40 66
54 40 67
70 40 34
8 41 73
9 41 78
14 41 72
15 41 68
16 41 68
17 41 68
18 41 67
19 41 69
20 41 53
21 41 65
22 41 53
23 41 71
24 41 68
25 41 71
27 41 67
28 41 68
29 41 70
30 41 72
35 41 67
36 41 69
37 41 71
38 41 76
42 41 63
44 41 66
45 41 66
46 41 66
47 41 68
48 41 69
49 41 75
50 41 73
51 41 68
52 41 71
53 41 68
54 41 69
55 41 79
70 41 37
71 41 40
8 42 68
9 42 74
10 42 24
13 42 81
14 42 67
15 42 63
16 42 62
17 42 63
18 42 61
20 42 47
21 42 60
22 42 47
23 42 65
24 42 62
25 42 65
27 42 62
28 42 63
29 42 64
30 42 67
35 42 62
36 42 63
37 42 66
38 42 71
41 42 50
43 42 56
44 42 60
45 42 60
46 42 60
47 42 62
48 42 63
49 42 70
50 42 68
51 42 62
52 42 66
53 42 62
54 42 63
55 42 74
8 43 69
9 43 75
10 43 25
13 43 81
14 43 68
15 43 64
16 43 63
17 43 64
18 43 62
20 43 48
21 43 61
22 43 48
23 43 66
24 43 63
25 43 66
27 43 63
28 43 64
29 43 65
30 43 68
35 43 63
36 43 64
37 43 67
38 43 72
42 43 58
44 43 61
45 43 62
46 43 61
47 43 63
48 43 64
49 43 71
50 43 69
51 43 63
52 43 67
53 43 63
54 43 64
55 43 75
3 44 45
8 44 61
9 44 67
10 44 19
11 44 48
12 44 42
13 44 75
14 44 59
15 44 55
16 44 55
17 44 55
18 44 54
19 44 56
20 44 39
21 44 52
22 44 39
23 44 58
24 44 54
25 44 58
26 44 32
27 44 54
28 44 55
29 44 57
30 44 60
31 44 32
32 44 28
33 44 28
34 44 26
35 44 54
36 44 55
37 44 59
38 44 64
39 44 33
41 44 43
42 44 50
43 44 49
45 44 53
46 44 53
47 44 55
48 44 56
49 44 63
50 44 61
51 44 55
52 44 59
53 44 55
54 44 56
55 44 68
70 44 25
71 44 28
77 44 14
3 45 45
8 45 61
9 45 67
10 45 19
11 45 48
12 45 41
14 45 59
15 45 55
16 45 55
17 45 55
18 45 53
19 45 56
20 45 39
21 45 52
22 45 39
23 45 58
24 45 54
25 45 58
26 45 32
27 45 54
28 45 55
29 45 57
30 45 60
31 45 32
32 45 28
33 45 28
34 45 26
35 45 54
36 45 55
37 45 59
38 45 64
39 45 33
41 45 42
42 45 49
43 45 48
44 45 53
46 45 53
47 45 54
48 45 56
49 45 63
50 45 61
51 45 55
52 45 59
53 45 54
54 45 56
55 45 68
70 45 25
71 45 27
77 45 14
3 46 44
8 46 60
9 46 66
10 46 18
11 46 47
12 46 40
14 46 58
15 46 54
16 46 53
17 46 54
18 46 52
19 46 55
20 46 38
21 46 51
22 46 38
23 46 57
24 46 53
25 46 57
26 46 31
27 46 53
28 46 54
29 46 56
30 46 59
31 46 31
32 46 27
33 46 27
34 46 25
35 46 53
36 46 54
37 46 57
38 46 63
39 46 32
41 46 41
42 46 48
43 46 47
44 46 51
45 46 52
47 46 53
48 46 54
49 46 62
50 46 60
51 46 54
52 46 58
53 46 53
54 46 55
55 46 67
70 46 24
71 46 27
77 46 13
3 47 39
8 47 55
9 47 61
10 47 15
11 47 42
12 47 36
13 47 70
14 47 53
15 47 49
16 47 48
17 47 49
18 47 47
19 47 50
20 47 33
21 47 45
22 47 33
23 47 52
24 47 48
25 47 52
26 47 27
27 47 48
28 47 49
29 47 51
30 47 54
31 47 27
32 47 23
33 47 23
34 47 21
35 47 48
36 47 49
37 47 52
38 47 59
39 47 28
40 47 38
41 47 37
42 47 43
43 47 42
44 47 46
45 47 46
46 47 46
48 47 49
49 47 57
50 47 55
51 47 48
52 47 53
53 47 48
54 47 49
55 47 62
56 47 37
70 47 20
71 47 23
77 47 11
8 48 61
9 48 67
11 48 48
12 48 41
14 48 59
15 48 55
16 48 55
17 48 55
18 48 53
19 48 56
21 48 52
23 48 58
24 48 54
25 48 58
26 48 32
27 48 54
28 48 55
29 48 57
30 48 60
31 48 32
32 48 28
33 48 28
34 48 26
35 48 54
36 48 55
37 48 59
38 48 64
39 48 33
40 48 44
42 48 49
43 48 48
44 48 53
45 48 53
46 48 53
47 48 54
49 48 63
50 48 61
51 48 55
52 48 59
53 48 54
54 48 56
55 48 68
70 48 25
3 49 37
8 49 54
9 49 60
10 49 15
11 49 41
12 49 34
13 49 69
14 49 52
15 49 47
16 49 47
17 49 48
18 49 46
19 49 48
20 49 32
21 49 44
22 49 32
23 49 50
24 49 47
25 49 50
27 49 47
28 49 48
29 49 49
30 49 53
35 49 47
36 49 48
37 49 51
38 49 57
41 49 35
42 49 42
43 49 41
44 49 45
45 49 45
46 49 45
47 49 47
48 49 48
50 49 53
51 49 47
52 49 51
53 49 47
54 49 48
55 49 61
3 50 39
8 50 55
9 50 62
10 50 16
11 50 43
12 50 36
13 50 71
14 50 54
15 50 49
16 50 49
17 50 50
18 50 48
19 50 50
20 50 34
21 50 46
22 50 34
23 50 52
24 50 49
25 50 52
27 50 49
28 50 49
29 50 51
30 50 54
35 50 48
36 50 50
37 50 53
38 50 59
40 50 39
42 50 44
43 50 43
44 50 47
45 50 47
46 50 47
47 50 49
48 50 50
49 50 58
51 50 49
52 50 53
53 50 49
54 50 50
55 50 63
3 51 45
8 51 61
9 51 67
11 51 48
12 51 41
14 51 59
15 51 55
16 51 55
17 51 55
18 51 53
19 51 56
20 51 39
21 51 52
22 51 39
23 51 58
24 51 54
25 51 58
27 51 54
28 51 55
29 51 57
30 51 60
35 51 54
36 51 55
37 51 59
38 51 64
41 51 42
42 51 49
43 51 48
44 51 52
45 51 53
46 51 52
47 51 54
48 51 55
49 51 63
50 51 61
52 51 59
53 51 54
54 51 56
55 51 68
3 52 40
8 52 56
9 52 62
10 52 16
11 52 43
12 52 37
13 52 71
14 52 54
15 52 50
16 52 49
17 52 50
18 52 48
19 52 51
20 52 34
21 52 47
22 52 34
23 52 53
24 52 49
25 52 53
27 52 49
28 52 50
29 52 52
30 52 55
35 52 49
36 52 50
37 52 54
38 52 60
40 52 39
41 52 38
42 52 44
43 52 43
44 52 47
45 52 47
46 52 47
47 52 49
48 52 50
49 52 58
50 52 56
51 52 50
53 52 49
54 52 51
55 52 63
3 53 46
8 53 62
9 53 68
11 53 50
12 53 43
14 53 61
15 53 56
16 53 56
17 53 57
18 53 55
19 53 57
20 53 40
21 53 53
22 53 40
23 53 59
24 53 56
25 53 59
27 53 56
28 53 56
29 53 58
30 53 61
35 53 55
36 53 57
37 53 60
38 53 66
40 53 46
41 53 44
42 53 51
43 53 50
44 53 54
45 53 54
46 53 54
47 53 56
48 53 57
49 53 64
50 53 62
51 53 56
52 53 60
54 53 57
55 53 69
3 54 44
8 54 60
9 54 66
10 54 18
11 54 47
12 54 41
14 54 58
15 54 54
16 54 54
17 54 54
18 54 52
19 54 55
20 54 38
21 54 51
22 54 38
23 54 57
24 54 53
25 54 57
27 54 53
28 54 54
29 54 56
30 54 59
35 54 53
36 54 54
37 54 58
38 54 63
42 54 48
43 54 47
44 54 52
45 54 52
46 54 52
47 54 53
48 54 55
49 54 62
50 54 60
51 54 54
52 54 58
53 54 53
55 54 67
9 55 64
11 55 45
12 55 38
14 55 56
18 55 50
21 55 48
23 55 54
25 55 54
27 55 51
28 55 51
29 55 53
30 55 56
36 55 52
37 55 55
38 55 61
48 55 52
49 55 59
50 55 57
51 55 51
52 55 55
53 55 51
54 55 52
56 55 39
55 56 93
70 58 65
70 59 47
71 59 51
77 59 30
71 61 78
77 61 60
6 62 36
8 62 81
25 62 79
30 62 80
38 62 83
49 62 82
51 62 77
71 62 51
77 65 72
3 70 65
8 70 79
9 70 83
11 70 69
12 70 63
14 70 77
15 70 74
16 70 74
19 70 75
20 70 60
22 70 60
23 70 76
24 70 74
25 70 76
26 70 52
27 70 74
28 70 74
29 70 76
30 70 78
31 70 53
32 70 48
33 70 48
34 70 45
35 70 73
36 70 74
38 70 81
39 70 54
40 70 65
41 70 63
42 70 70
43 70 69
44 70 72
45 70 72
46 70 72
47 70 74
48 70 75
49 70 80
50 70 78
52 70 77
53 70 74
54 70 75
56 70 64
58 70 36
59 70 73
61 70 23
64 70 56
71 70 47
77 70 27
6 71 17
7 71 16
8 71 62
9 71 68
11 71 49
12 71 42
14 71 60
15 71 56
16 71 55
17 71 56
18 71 54
19 71 57
20 71 39
22 71 40
23 71 58
24 71 55
25 71 58
26 71 32
27 71 55
28 71 56
29 71 57
30 71 61
31 71 33
32 71 29
33 71 29
34 71 26
35 71 55
36 71 56
38 71 65
39 71 34
40 71 45
41 71 43
42 71 50
43 71 49
44 71 53
45 71 53
46 71 53
47 71 55
48 71 56
49 71 64
50 71 61
51 71 55
52 71 59
53 71 55
54 71 56
55 71 68
58 71 19
59 71 54
61 71 12
62 71 24
64 71 36
70 71 25
76 71 41
77 71 14
3 72 6
8 72 11
9 72 14
11 72 7
12 72 5
13 72 20
14 72 11
15 72 9
16 72 9
17 72 9
18 72 8
19 72 9
20 72 5
21 72 8
22 72 5
23 72 10
24 72 9
25 72 10
26 72 4
27 72 9
28 72 9
29 72 10
30 72 11
31 72 4
32 72 3
33 72 3
34 72 3
35 72 9
36 72 9
37 72 10
38 72 13
39 72 4
40 72 6
42 72 7
44 72 8
45 72 8
46 72 8
47 72 9
49 72 12
50 72 11
51 72 9
52 72 10
53 72 9
54 72 9
58 72 2
70 72 3
71 72 3
76 72 5
77 72 1
8 73 61
9 73 67
10 73 19
11 73 48
12 73 42
14 73 59
15 73 55
16 73 55
17 73 55
18 73 54
19 73 56
20 73 39
21 73 52
22 73 39
23 73 58
24 73 54
25 73 58
26 73 32
27 73 54
28 73 55
29 73 57
30 73 60
31 73 32
32 73 28
33 73 28
34 73 26
35 73 54
36 73 55
37 73 59
38 73 65
39 73 33
42 73 50
43 73 49
44 73 53
45 73 53
46 73 53
47 73 55
48 73 56
49 73 63
50 73 61
51 73 55
52 73 59
53 73 55
54 73 56
55 73 68
70 73 25
71 73 28
77 73 14
8 74 11
9 74 14
12 74 5
13 74 20
14 74 10
19 74 9
20 74 5
22 74 5
24 74 9
35 74 9
38 74 13
39 74 4
49 74 12
50 74 11
52 74 10
55 74 14
70 74 3
71 74 3
76 74 5
77 74 1
9 75 8
10 75 1
12 75 3
13 75 11
14 75 6
15 75 5
16 75 5
17 75 5
19 75 5
20 75 2
22 75 3
23 75 5
24 75 5
26 75 2
28 75 5
29 75 5
30 75 6
31 75 2
32 75 2
33 75 2
34 75 1
38 75 7
45 75 4
47 75 5
48 75 5
49 75 6
50 75 6
51 75 5
52 75 5
54 75 5
55 75 8
62 75 1
69 75 1
70 75 1
71 75 1
76 75 3
77 75 1
3 76 5
7 76 1
8 76 9
9 76 11
10 76 1
11 76 5
12 76 4
13 76 16
14 76 8
16 76 7
17 76 7
18 76 7
19 76 7
21 76 6
23 76 8
25 76 8
26 76 3
27 76 7
28 76 7
29 76 8
30 76 9
31 76 3
32 76 2
33 76 2
34 76 2
35 76 7
36 76 7
37 76 8
38 76 10
39 76 3
40 76 5
41 76 4
42 76 6
43 76 6
44 76 6
45 76 6
46 76 6
47 76 7
48 76 7
49 76 10
50 76 9
51 76 7
52 76 8
53 76 7
54 76 7
55 76 12
58 76 1
62 76 2
70 76 2
71 76 2
72 76 3
74 76 3
75 76 3
77 76 1
1 77 67
2 77 23
3 77 67
4 77 88
5 77 79
6 77 34
7 77 32
8 77 80
9 77 83
10 77 37
11 77 70
12 77 64
13 77 88
14 77 78
15 77 75
16 77 75
17 77 75
18 77 74
19 77 76
20 77 61
21 77 73
22 77 62
23 77 77
24 77 75
25 77 77
26 77 53
27 77 75
28 77 75
29 77 77
30 77 79
31 77 54
32 77 49
33 77 49
34 77 46
35 77 75
36 77 76
37 77 78
38 77 82
39 77 55
40 77 67
41 77 65
42 77 71
43 77 70
44 77 73
45 77 73
46 77 73
47 77 75
48 77 76
49 77 81
50 77 79
51 77 75
52 77 78
53 77 75
54 77 76
55 77 84
56 77 65
57 77 84
58 77 37
59 77 74
60 77 37
61 77 24
62 77 44
63 77 78
64 77 58
65 77 40
66 77 16
67 77 27
68 77 50
69 77 48
70 77 45
71 77 48
