3 4 74
15 8 47
27 8 51
3 9 62
12 9 74
1 10 27
3 10 39
4 10 23
11 10 42
12 10 53
3 11 53
10 11 49
1 12 12
3 12 19
4 12 10
6 12 8
7 12 13
9 12 16
10 12 17
11 12 20
22 12 23
31 12 23
15 13 27
16 13 23
20 13 27
21 13 22
22 13 23
27 13 30
28 13 25
22 14 36
11 15 38
13 16 74
15 16 57
23 16 72
27 16 61
28 16 54
20 17 43
20 18 33
27 18 36
30 18 27
27 19 65
28 19 59
18 20 66
23 20 70
13 21 75
23 21 72
13 22 76
14 22 64
27 22 63
28 22 57
15 23 29
16 23 25
20 23 29
21 23 25
20 24 61
8 27 41
13 27 60
15 27 41
16 27 36
18 27 53
19 27 34
22 27 36
13 28 62
15 28 43
16 28 37
19 28 35
20 28 42
22 28 37
29 28 60
15 29 31
19 29 24
20 29 31
21 29 26
28 29 29
1 32 52
2 32 76
3 32 66
4 32 48
5 32 76
6 32 43
7 32 56
8 32 76
9 32 62
10 32 63
11 32 68
12 32 77
13 32 87
14 32 80
15 32 76
16 32 71
17 32 79
18 32 83
19 32 70
20 32 76
21 32 71
22 32 72
23 32 86
24 32 76
25 32 75
26 32 76
27 32 79
28 32 74
29 32 86
30 32 71
31 32 71
