5 3 90
6 5 69
9 5 64
11 5 55
13 5 55
36 5 63
39 5 46
41 5 65
43 5 50
45 5 65
47 5 35
5 6 91
35 6 85
47 6 57
8 7 79
9 7 80
10 7 84
7 8 81
9 8 77
7 9 87
8 9 84
6 10 82
7 10 81
8 10 78
9 10 78
35 10 83
45 10 79
6 11 90
13 11 84
5 13 77
6 13 65
10 13 65
11 13 51
34 13 63
36 13 59
39 13 42
43 13 45
44 13 46
45 13 61
47 13 31
16 14 25
47 14 19
19 15 34
47 15 41
14 16 35
47 16 24
35 17 68
38 17 43
41 17 62
47 17 32
47 18 84
47 19 90
2 20 28
5 20 58
6 20 43
7 20 43
8 20 37
11 20 30
22 20 28
25 20 28
27 20 31
33 20 32
34 20 41
41 20 39
43 20 26
47 20 16
47 21 76
5 22 82
42 22 54
47 22 37
5 23 88
6 23 81
36 23 77
39 23 63
43 23 66
44 23 66
47 23 51
19 24 45
47 24 53
5 25 77
6 25 65
9 25 59
27 25 52
33 25 53
36 25 59
39 25 42
45 25 60
47 25 31
38 26 41
47 26 30
2 27 44
5 27 74
22 27 45
31 27 42
47 27 28
5 28 73
8 28 54
31 28 41
39 28 37
47 28 26
5 29 68
7 29 54
9 29 48
10 29 55
11 29 40
17 29 23
31 29 35
41 29 50
43 29 35
44 29 35
45 29 50
47 29 22
5 30 72
9 30 53
10 30 59
31 30 39
47 30 26
7 31 61
9 31 56
27 31 49
28 31 43
29 31 32
30 31 45
47 31 28
4 32 61
5 32 75
6 32 62
10 32 63
11 32 48
13 32 48
17 32 30
33 32 51
34 32 60
36 32 56
43 32 43
44 32 43
45 32 58
47 32 29
6 33 65
10 33 65
11 33 51
20 33 44
23 33 24
25 33 48
36 33 59
37 33 29
40 33 46
41 33 61
43 33 45
45 33 61
47 33 31
6 34 47
9 34 42
10 34 48
11 34 34
35 34 49
36 34 41
41 34 43
45 34 43
47 34 18
6 35 62
10 35 62
17 35 30
34 35 60
36 35 55
43 35 42
47 35 28
5 36 66
6 36 52
9 36 46
10 36 52
11 36 38
13 36 38
17 36 22
19 36 16
23 36 16
25 36 35
32 36 25
33 36 40
34 36 49
35 36 53
37 36 19
39 36 30
40 36 33
41 36 47
43 36 32
44 36 33
45 36 47
47 36 21
6 37 49
9 37 43
10 37 49
11 37 35
13 37 35
19 37 14
20 37 29
23 37 14
33 37 37
34 37 46
36 37 42
39 37 27
40 37 31
42 37 31
43 37 30
44 37 30
45 37 44
47 37 19
17 38 41
47 38 39
5 39 75
6 39 63
10 39 63
11 39 49
13 39 48
23 39 22
36 39 56
43 39 43
44 39 43
45 39 58
47 39 29
4 40 44
5 40 60
6 40 45
7 40 45
10 40 46
11 40 32
12 40 41
33 40 34
35 40 47
36 40 39
37 40 15
42 40 28
43 40 27
44 40 27
45 40 41
47 40 17
5 41 68
6 41 54
7 41 53
9 41 48
11 41 40
17 41 23
29 41 25
33 41 42
34 41 52
36 41 47
43 41 34
45 41 49
47 41 22
6 42 57
7 42 56
12 42 52
22 42 40
36 42 50
37 42 22
40 42 38
43 42 37
47 42 24
5 43 77
6 43 65
10 43 65
11 43 51
13 43 51
23 43 24
36 43 59
39 43 42
44 43 46
45 43 61
47 43 31
6 44 67
11 44 53
13 44 53
23 44 26
36 44 61
39 44 44
43 44 47
45 44 63
47 44 33
5 45 66
6 45 52
9 45 46
10 45 52
11 45 38
13 45 38
17 45 22
19 45 16
23 45 16
25 45 35
29 45 24
32 45 25
33 45 40
34 45 50
36 45 45
37 45 19
39 45 30
40 45 33
41 45 48
43 45 33
44 45 33
47 45 21
5 46 55
47 46 14
1 47 88
2 47 92
3 47 96
4 47 95
5 47 98
6 47 96
7 47 96
8 47 94
9 47 95
10 47 96
11 47 92
12 47 95
13 47 92
