6 1 33
9 1 47
11 1 62
14 1 56
20 1 29
4 2 47
7 2 45
20 2 40
4 3 59
8 3 74
20 3 53
2 4 73
3 4 64
5 4 53
20 4 54
4 5 66
7 5 65
8 5 79
11 5 86
20 5 60
8 6 77
20 6 57
2 7 78
20 7 60
2 8 63
3 8 52
6 8 47
11 8 75
12 8 59
14 8 70
20 8 42
14 9 65
20 9 37
12 10 74
20 10 58
1 11 54
2 11 46
4 11 32
5 11 26
8 11 48
9 11 45
14 11 53
18 11 38
19 11 37
20 11 27
20 12 52
2 13 14
3 13 10
5 13 6
8 13 15
9 13 14
11 13 23
14 13 18
15 13 14
17 13 9
18 13 11
19 13 10
20 13 7
1 14 61
8 14 55
9 14 51
11 14 66
15 14 52
19 14 43
20 14 32
2 15 60
8 15 62
12 15 55
14 15 67
18 15 52
19 15 50
20 15 39
11 16 55
14 16 49
20 16 23
14 17 45
18 17 30
19 17 29
20 17 20
4 18 48
8 18 65
11 18 75
12 18 59
14 18 69
15 18 63
20 18 42
4 19 62
20 19 56
1 20 85
2 20 80
3 20 72
4 20 69
5 20 62
6 20 67
7 20 68
8 20 81
9 20 79
10 20 60
11 20 87
12 20 77
